-0.027;0.08;0.04
-0.0269;0.08;0.04
-0.0268;0.08;0.02
-0.0267;0;0.04
-0.0266;0.08;0.04
-0.0265;0;0.04
-0.0264;0.08;0.04
-0.0263;0;0.04
-0.0262;0;0.02
-0.0261;0;0.04
-0.026;0;0.04
-0.0259;0;0.02
-0.0258;0.08;0.04
-0.0257;0;0.02
-0.0256;0.08;0.02
-0.0255;0;0.04
-0.0254;0;0.04
-0.0253;0;0.04
-0.0252;0.08;0.02
-0.0251;0;0.04
-0.025;0;0.04
-0.0249;0;0.02
-0.0248;0.08;0.02
-0.0247;0.08;0.04
-0.0246;0.08;0.02
-0.0245;0.08;0.02
-0.0244;0;0.04
-0.0243;0;0.02
-0.0242;0;0.02
-0.0241;0;0.04
-0.024;0.08;0.04
-0.0239;0.08;0.02
-0.0238;0;0.04
-0.0237;0.08;0.02
-0.0236;0;0.02
-0.0235;0.08;0.04
-0.0234;0.08;0.02
-0.0233;0;0.02
-0.0232;0;0.04
-0.0231;0;0.02
-0.023;0.08;0.02
-0.0229;0.08;0
-0.0228;0.08;0.04
-0.0227;0;0.04
-0.0226;0;0.02
-0.0225;0.08;0.04
-0.0224;0.08;0.04
-0.0223;0.08;0.02
-0.0222;0;0.04
-0.0221;0;0.02
-0.022;0;0.02
-0.0219;0.08;0.02
-0.0218;0;0.02
-0.0217;0;0.02
-0.0216;0;0.04
-0.0215;0.08;0.04
-0.0214;0;0.04
-0.0213;0.08;0.02
-0.0212;0.08;0.02
-0.0211;0;0.04
-0.021;0;0.02
-0.0209;0;0.04
-0.0208;0.08;0.02
-0.0207;0.08;0.02
-0.0206;0.08;0.02
-0.0205;0;0.04
-0.0204;0;0.02
-0.0203;0;0.02
-0.0202;0.08;0.02
-0.0201;0;0.02
-0.02;0;0.04
-0.0199;0;0.02
-0.0198;0;0.02
-0.0197;0;0.04
-0.0196;0;0.04
-0.0195;0.08;0.04
-0.0194;0.08;0.04
-0.0193;0.08;0.04
-0.0192;0.08;0.06
-0.0191;0.08;0.02
-0.019;0.08;0.02
-0.0189;0;0.04
-0.0188;0.08;0.04
-0.0187;0.08;0.02
-0.0186;0.08;0.02
-0.0185;0.08;0.02
-0.0184;0.08;0.02
-0.0183;0.08;0.04
-0.0182;0.08;0.04
-0.0181;0.08;0.04
-0.018;0.08;0.04
-0.0179;0.08;0.02
-0.0178;0;0.04
-0.0177;0.08;0.02
-0.0176;0;0.04
-0.0175;0.08;0.02
-0.0174;0;0.04
-0.0173;0.08;0.04
-0.0172;0.08;0.04
-0.0171;0;0.02
-0.017;0.08;0.02
-0.0169;0;0.04
-0.0168;0;0.02
-0.0167;0;0.04
-0.0166;0.08;0.02
-0.0165;0.08;0.02
-0.0164;0.08;0.04
-0.0163;0;0.04
-0.0162;0.08;0.02
-0.0161;0.08;0.04
-0.016;0;0.04
-0.0159;0;0.02
-0.0158;0;0.02
-0.0157;0;0.02
-0.0156;0.08;0.02
-0.0155;0;0.02
-0.0154;0.08;0.02
-0.0153;0;0.04
-0.0152;0.08;0.02
-0.0151;0;0.02
-0.015;0;0.04
-0.0149;0;0.04
-0.0148;0;0.02
-0.0147;0;0.04
-0.0146;0.08;0.02
-0.0145;0.08;0.02
-0.0144;0.08;0.02
-0.0143;0;0.02
-0.0142;0;0.04
-0.0141;0;0.02
-0.014;0;0.04
-0.0139;0.08;0.06
-0.0138;0.08;0.02
-0.0137;0;0.04
-0.0136;0;0.02
-0.0135;0;0.04
-0.0134;0;0.02
-0.0133;0;0.02
-0.0132;0;0.02
-0.0131;0.08;0
-0.013;0;0.02
-0.0129;0;0.02
-0.0128;0;0.02
-0.0127;0.08;0.02
-0.0126;0.08;0.02
-0.0125;0;0.04
-0.0124;0;0.02
-0.0123;0.08;0.02
-0.0122;0;0.02
-0.0121;0;0.02
-0.012;0.08;0.04
-0.0119;0;0.02
-0.0118;0.08;0.02
-0.0117;0.08;0.04
-0.0116;0;0.02
-0.0115;0;0.04
-0.0114;0;0.02
-0.0113;0;0.04
-0.0112;0;0.04
-0.0111;0;0.02
-0.011;0.08;0.02
-0.0109;0.08;0.02
-0.0108;0.08;0.04
-0.0107;0.08;0.02
-0.0106;0.08;0.04
-0.0105;0.08;0.02
-0.0104;0.08;0.04
-0.0103;0;0.02
-0.0102;0.08;0.04
-0.0101;0.08;0.04
-0.01;0;0.04
-0.0099;0.08;0.02
-0.0098;0.08;0.04
-0.0097;0;0.02
-0.0096;0;0.04
-0.0095;0;0.02
-0.0094;0.08;0.04
-0.0093;0;0.02
-0.0092;0;0.04
-0.0091;0;0.04
-0.009;0;0.02
-0.0089;0.08;0.02
-0.0088;0.08;0.04
-0.0087;0;0.04
-0.0086;0;0.02
-0.0085;0.08;0.02
-0.0084;0;0.02
-0.0083;0;0.02
-0.0082;0;0.02
-0.0081;0.08;0.04
-0.008;0.08;0.02
-0.0079;0.08;0.04
-0.0078;0.08;0.02
-0.0077;0;0.02
-0.0076;0;0.02
-0.0075;0.08;0.02
-0.0074;0;0.04
-0.0073;0;0.02
-0.0072;0;0.02
-0.0071;0.08;0.04
-0.007;0;0.02
-0.0069;0;0.02
-0.0068;0.08;0.02
-0.0067;0.08;0.02
-0.0066;0;0.04
-0.0065;0;0.02
-0.0064;0;0.04
-0.0063;0.08;0.04
-0.0062;0.08;0.02
-0.0061;0.08;0.04
-0.006;0;0.04
-0.0059;0.08;0.02
-0.0058;0;0.02
-0.0057;0;0.04
-0.0056;0;0.02
-0.0055;0;0.02
-0.0054;0.08;0.04
-0.0053;0.08;0.04
-0.0052;0.08;0.02
-0.0051;0.08;0.02
-0.005;0;0.04
-0.0049;0.08;0.04
-0.0048;0;0.04
-0.0047;0;0.02
-0.0046;0.08;0.04
-0.0045;0;0.02
-0.0044;0;0.02
-0.0043;0;0.04
-0.0042;0.08;0.02
-0.0041;0.08;0.02
-0.004;0;0.02
-0.0039;0;0.02
-0.0038;0;0.02
-0.0037;0;0.04
-0.0036;0.08;0.04
-0.0035;0.08;0.04
-0.0034;0.08;0.04
-0.0033;0;0.04
-0.0032;0;0.02
-0.0031;0;0.02
-0.003;0.08;0.04
-0.0029;0.08;0.02
-0.0028;0.08;0.04
-0.0027;0;0.04
-0.0026;0;0.02
-0.0025;0.08;0.02
-0.0024;0;0.02
-0.0023;0;0.04
-0.0022;0;0.02
-0.0021;0;0.04
-0.002;0;0.02
-0.0019;0;0.02
-0.0018;0.08;0.04
-0.0017;0;0.02
-0.0016;0;0.02
-0.0015;0;0.02
-0.0014;0.08;0.02
-0.0013;0;0.02
-0.0012;0.08;0.02
-0.0011;0.08;0.02
-0.001;0;0.02
-0.0009;0.08;0.02
-0.0008;0;0.04
-0.0007;0.08;0.02
-0.0006;0;0.02
-0.0005;0;0.04
-0.0004;0;0.04
-0.0003;0.08;0.04
-0.0002;0;0.04
-0.0001;0;0.04
0;4.48;0.02
0.0001;3.2;0.02
0.0002;4.88;0.04
0.0003;5.04;0.04
0.0004;5.12;0.06
0.0005;5.04;0.06
0.0006;5.12;0.06
0.0007;5.12;0.08
0.0008;5.04;0.06
0.0009;5.04;0.06
0.001;5.04;0.08
0.0011;5.04;0.12
0.0012;5.04;0.1
0.0013;5.12;0.1
0.0014;5.12;0.1
0.0015;5.04;0.12
0.0016;5.12;0.14
0.0017;5.04;0.14
0.0018;5.04;0.14
0.0019;5.04;0.14
0.002;5.04;0.14
0.0021;5.04;0.14
0.0022;5.12;0.14
0.0023;5.04;0.18
0.0024;5.12;0.18
0.0025;5.12;0.18
0.0026;5.12;0.18
0.0027;5.04;0.16
0.0028;5.04;0.18
0.0029;5.12;0.18
0.003;5.04;0.2
0.0031;5.04;0.2
0.0032;5.04;0.22
0.0033;5.04;0.2
0.0034;5.04;0.22
0.0035;5.12;0.22
0.0036;5.04;0.2
0.0037;5.12;0.24
0.0038;5.12;0.24
0.0039;5.12;0.24
0.004;5.12;0.26
0.0041;5.12;0.24
0.0042;5.12;0.28
0.0043;5.04;0.26
0.0044;5.04;0.28
0.0045;5.12;0.28
0.0046;5.12;0.28
0.0047;5.12;0.28
0.0048;5.04;0.28
0.0049;5.04;0.3
0.005;5.12;0.32
0.0051;5.04;0.3
0.0052;5.12;0.32
0.0053;5.12;0.32
0.0054;5.04;0.3
0.0055;5.04;0.32
0.0056;5.04;0.32
0.0057;5.04;0.34
0.0058;5.04;0.34
0.0059;5.12;0.34
0.006;5.04;0.36
0.0061;5.04;0.36
0.0062;5.12;0.36
0.0063;5.04;0.36
0.0064;5.12;0.36
0.0065;5.04;0.38
0.0066;5.04;0.38
0.0067;5.04;0.38
0.0068;5.12;0.38
0.0069;5.12;0.38
0.007;5.12;0.4
0.0071;5.12;0.4
0.0072;5.12;0.4
0.0073;5.04;0.4
0.0074;5.04;0.42
0.0075;5.12;0.44
0.0076;5.04;0.42
0.0077;5.12;0.44
0.0078;5.12;0.42
0.0079;5.12;0.44
0.008;5.04;0.44
0.0081;5.12;0.44
0.0082;5.12;0.46
0.0083;5.12;0.46
0.0084;5.04;0.46
0.0085;5.04;0.46
0.0086;5.12;0.46
0.0087;5.12;0.46
0.0088;5.12;0.46
0.0089;5.04;0.46
0.009;5.12;0.48
0.0091;5.12;0.48
0.0092;5.12;0.5
0.0093;5.04;0.48
0.0094;5.04;0.52
0.0095;5.04;0.52
0.0096;5.04;0.5
0.0097;5.12;0.52
0.0098;5.12;0.52
0.0099;5.12;0.52
0.01;5.12;0.54
0.0101;5.12;0.52
0.0102;5.04;0.54
0.0103;5.04;0.54
0.0104;5.12;0.54
0.0105;5.04;0.56
0.0106;5.12;0.54
0.0107;5.12;0.56
0.0108;5.04;0.56
0.0109;5.12;0.56
0.011;5.04;0.58
0.0111;5.12;0.56
0.0112;5.04;0.58
0.0113;5.12;0.6
0.0114;5.12;0.6
0.0115;5.12;0.6
0.0116;5.12;0.62
0.0117;5.12;0.62
0.0118;5.12;0.6
0.0119;5.12;0.62
0.012;5.04;0.62
0.0121;5.12;0.62
0.0122;5.12;0.62
0.0123;5.12;0.64
0.0124;5.12;0.66
0.0125;5.12;0.64
0.0126;5.12;0.64
0.0127;5.12;0.64
0.0128;5.12;0.64
0.0129;5.12;0.66
0.013;5.12;0.64
0.0131;5.12;0.66
0.0132;5.12;0.66
0.0133;5.12;0.66
0.0134;5.12;0.68
0.0135;5.12;0.68
0.0136;5.12;0.68
0.0137;5.12;0.68
0.0138;5.12;0.68
0.0139;5.12;0.68
0.014;5.12;0.68
0.0141;5.12;0.68
0.0142;5.12;0.66
0.0143;5.12;0.7
0.0144;5.12;0.7
0.0145;5.12;0.7
0.0146;5.12;0.72
0.0147;5.12;0.7
0.0148;5.12;0.72
0.0149;5.12;0.74
0.015;5.12;0.74
0.0151;5.12;0.74
0.0152;5.12;0.74
0.0153;5.12;0.74
0.0154;5.12;0.76
0.0155;5.04;0.74
0.0156;5.12;0.76
0.0157;5.12;0.76
0.0158;5.12;0.76
0.0159;5.12;0.76
0.016;5.12;0.78
0.0161;5.12;0.78
0.0162;5.12;0.78
0.0163;5.12;0.78
0.0164;5.12;0.78
0.0165;5.04;0.78
0.0166;5.12;0.78
0.0167;5.12;0.8
0.0168;5.12;0.8
0.0169;5.12;0.78
0.017;5.12;0.78
0.0171;5.12;0.8
0.0172;5.12;0.76
0.0173;5.12;0.8
0.0174;5.12;0.8
0.0175;5.04;0.8
0.0176;5.12;0.78
0.0177;5.04;0.82
0.0178;5.12;0.82
0.0179;5.12;0.82
0.018;5.12;0.84
0.0181;5.12;0.84
0.0182;5.12;0.84
0.0183;5.12;0.86
0.0184;5.12;0.86
0.0185;5.12;0.86
0.0186;5.12;0.86
0.0187;5.12;0.88
0.0188;5.12;0.86
0.0189;5.12;0.86
0.019;5.12;0.88
0.0191;5.12;0.88
0.0192;5.12;0.88
0.0193;5.12;0.86
0.0194;5.12;0.88
0.0195;5.12;0.9
0.0196;5.12;0.88
0.0197;5.12;0.88
0.0198;5.12;0.88
0.0199;5.12;0.88
0.02;5.12;0.9
0.0201;5.04;0.88
0.0202;5.12;0.9
0.0203;5.12;0.88
0.0204;5.12;0.9
0.0205;5.12;0.88
0.0206;5.12;0.92
0.0207;5.04;0.94
0.0208;5.12;0.92
0.0209;5.12;0.94
0.021;5.12;0.92
0.0211;5.12;0.92
0.0212;5.12;0.94
0.0213;5.12;0.92
0.0214;5.12;0.94
0.0215;5.04;0.94
0.0216;5.12;0.94
0.0217;5.12;0.96
0.0218;5.04;0.94
0.0219;5.12;0.94
0.022;5.12;0.96
0.0221;5.12;0.96
0.0222;5.12;0.96
0.0223;5.12;0.96
0.0224;5.12;0.96
0.0225;5.12;0.96
0.0226;5.12;0.94
0.0227;5.04;0.96
0.0228;5.12;0.96
0.0229;5.12;0.96
0.023;5.12;0.96
0.0231;5.12;0.96
0.0232;5.04;0.98
0.0233;5.12;1
0.0234;5.12;1
0.0235;5.12;1
0.0236;5.04;1.02
0.0237;5.12;1
0.0238;5.12;1
0.0239;5.12;1.02
0.024;5.12;1.02
0.0241;5.04;1.02
0.0242;5.12;1.04
0.0243;5.12;1.04
0.0244;5.12;1.02
0.0245;5.04;1.04
0.0246;5.12;1.04
0.0247;5.12;1.04
0.0248;5.04;1.04
0.0249;5.12;1.04
0.025;5.12;1.04
0.0251;5.12;1.06
0.0252;5.04;1.04
0.0253;5.12;1.04
0.0254;5.12;1.06
0.0255;5.04;1.04
0.0256;5.12;1.04
0.0257;5.12;1.08
0.0258;5.12;1.06
0.0259;5.12;1.06
0.026;5.12;1.08
0.0261;5.12;1.08
0.0262;5.12;1.08
0.0263;5.12;1.08
0.0264;5.12;1.1
0.0265;5.12;1.1
0.0266;5.12;1.1
0.0267;5.12;1.12
0.0268;5.12;1.12
0.0269;5.12;1.1
0.027;5.12;1.1
0.0271;5.12;1.1
0.0272;5.12;1.12
0.0273;5.12;1.12
0.0274;5.12;1.1
0.0275;5.12;1.1
0.0276;5.12;1.1
0.0277;5.12;1.06
0.0278;5.04;1.1
0.0279;5.04;1.1
0.028;5.12;1.12
0.0281;5.12;1.1
0.0282;5.12;1.12
0.0283;5.04;1.12
0.0284;5.12;1.12
0.0285;5.12;1.12
0.0286;5.12;1.14
0.0287;5.12;1.14
0.0288;5.12;1.16
0.0289;5.12;1.12
0.029;5.12;1.16
0.0291;5.12;1.14
0.0292;5.12;1.14
0.0293;5.12;1.16
0.0294;5.12;1.14
0.0295;5.04;1.16
0.0296;5.12;1.14
0.0297;5.12;1.16
0.0298;5.12;1.16
0.0299;5.12;1.14
0.03;5.12;1.14
0.0301;5.12;1.16
0.0302;5.12;1.14
0.0303;5.12;1.14
0.0304;5.12;1.16
0.0305;5.04;1.16
0.0306;5.12;1.18
0.0307;5.04;1.18
0.0308;5.12;1.18
0.0309;5.12;1.18
0.031;5.12;1.18
0.0311;5.12;1.18
0.0312;5.12;1.18
0.0313;5.12;1.18
0.0314;5.12;1.2
0.0315;5.12;1.2
0.0316;5.12;1.2
0.0317;5.12;1.2
0.0318;5.12;1.18
0.0319;5.12;1.2
0.032;5.12;1.2
0.0321;5.12;1.2
0.0322;5.12;1.2
0.0323;5.12;1.2
0.0324;5.12;1.18
0.0325;5.12;1.2
0.0326;5.12;1.2
0.0327;5.12;1.22
0.0328;5.12;1.2
0.0329;5.12;1.2
0.033;5.12;1.22
0.0331;5.12;1.24
0.0332;5.12;1.22
0.0333;5.12;1.22
0.0334;5.12;1.22
0.0335;5.12;1.24
0.0336;5.04;1.22
0.0337;5.12;1.24
0.0338;5.12;1.24
0.0339;5.12;1.22
0.034;5.12;1.22
0.0341;5.12;1.22
0.0342;5.12;1.22
0.0343;5.12;1.22
0.0344;5.12;1.2
0.0345;5.12;1.2
0.0346;5.12;1.22
0.0347;5.12;1.22
0.0348;5.12;1.2
0.0349;5.12;1.22
0.035;5.12;1.24
0.0351;5.12;1.28
0.0352;5.12;1.26
0.0353;5.12;1.28
0.0354;5.12;1.28
0.0355;5.12;1.26
0.0356;5.12;1.28
0.0357;5.12;1.26
0.0358;5.12;1.28
0.0359;5.12;1.28
0.036;5.12;1.26
0.0361;5.12;1.28
0.0362;5.12;1.28
0.0363;5.12;1.28
0.0364;5.12;1.24
0.0365;5.12;1.26
0.0366;5.12;1.26
0.0367;5.12;1.28
0.0368;5.12;1.28
0.0369;5.12;1.28
0.037;5.12;1.3
0.0371;5.12;1.28
0.0372;5.12;1.3
0.0373;5.12;1.28
0.0374;5.12;1.32
0.0375;5.12;1.3
0.0376;5.12;1.3
0.0377;5.12;1.3
0.0378;5.04;1.3
0.0379;5.12;1.3
0.038;5.12;1.3
0.0381;5.12;1.3
0.0382;5.12;1.28
0.0383;5.12;1.28
0.0384;5.12;1.3
0.0385;5.12;1.3
0.0386;5.12;1.28
0.0387;5.12;1.32
0.0388;5.12;1.32
0.0389;5.12;1.34
0.039;5.12;1.32
0.0391;5.12;1.34
0.0392;5.12;1.34
0.0393;5.12;1.36
0.0394;5.12;1.36
0.0395;5.12;1.34
0.0396;5.12;1.36
0.0397;5.12;1.36
0.0398;5.12;1.36
0.0399;5.12;1.36
0.04;5.12;1.36
0.0401;5.12;1.34
0.0402;5.12;1.34
0.0403;5.12;1.34
0.0404;5.12;1.32
0.0405;5.12;1.34
0.0406;5.12;1.34
0.0407;5.12;1.36
0.0408;5.12;1.36
0.0409;5.12;1.36
0.041;5.12;1.36
0.0411;5.12;1.36
0.0412;5.12;1.36
0.0413;5.12;1.38
0.0414;5.12;1.4
0.0415;5.12;1.36
0.0416;5.12;1.36
0.0417;5.12;1.38
0.0418;5.12;1.38
0.0419;5.12;1.38
0.042;5.12;1.36
0.0421;5.12;1.36
0.0422;5.12;1.36
0.0423;5.12;1.36
0.0424;5.12;1.34
0.0425;5.12;1.36
0.0426;5.12;1.38
0.0427;5.12;1.38
0.0428;5.04;1.38
0.0429;5.12;1.4
0.043;5.12;1.4
0.0431;5.12;1.4
0.0432;5.12;1.4
0.0433;5.12;1.42
0.0434;5.12;1.4
0.0435;5.12;1.4
0.0436;5.12;1.4
0.0437;5.12;1.4
0.0438;5.12;1.4
0.0439;5.12;1.4
0.044;5.12;1.42
0.0441;5.12;1.36
0.0442;5.12;1.38
0.0443;5.12;1.4
0.0444;5.12;1.4
0.0445;5.12;1.42
0.0446;5.2;1.4
0.0447;5.12;1.44
0.0448;5.12;1.4
0.0449;5.12;1.42
0.045;5.12;1.42
0.0451;5.12;1.44
0.0452;5.12;1.42
0.0453;5.12;1.42
0.0454;5.12;1.42
0.0455;5.2;1.44
0.0456;5.12;1.4
0.0457;5.12;1.4
0.0458;5.12;1.42
0.0459;5.12;1.38
0.046;5.12;1.4
0.0461;5.12;1.38
0.0462;5.12;1.4
0.0463;5.12;1.44
0.0464;5.2;1.44
0.0465;5.12;1.44
0.0466;5.12;1.42
0.0467;5.12;1.44
0.0468;5.12;1.44
0.0469;5.12;1.44
0.047;5.12;1.44
0.0471;5.12;1.42
0.0472;5.12;1.44
0.0473;5.12;1.44
0.0474;5.12;1.44
0.0475;5.12;1.42
0.0476;5.12;1.42
0.0477;5.12;1.44
0.0478;5.12;1.4
0.0479;5.12;1.44
0.048;5.12;1.44
0.0481;5.12;1.44
0.0482;5.12;1.42
0.0483;5.12;1.44
0.0484;5.12;1.42
0.0485;5.04;1.44
0.0486;5.12;1.44
0.0487;5.12;1.46
0.0488;5.12;1.44
0.0489;5.12;1.44
0.049;5.12;1.44
0.0491;5.12;1.44
0.0492;5.12;1.44
0.0493;5.12;1.44
0.0494;5.12;1.44
0.0495;5.04;1.42
0.0496;5.12;1.44
0.0497;5.12;1.44
0.0498;5.12;1.46
0.0499;5.12;1.46
0.05;5.12;1.46
0.0501;5.2;1.46
0.0502;5.12;1.46
0.0503;5.12;1.48
0.0504;5.12;1.48
0.0505;5.12;1.46
0.0506;5.2;1.48
0.0507;5.12;1.46
0.0508;5.2;1.46
0.0509;5.12;1.46
0.051;5.12;1.44
0.0511;5.12;1.46
0.0512;5.12;1.44
0.0513;5.12;1.44
0.0514;5.2;1.44
0.0515;5.12;1.46
0.0516;5.12;1.46
0.0517;5.12;1.48
0.0518;5.12;1.46
0.0519;5.12;1.48
0.052;5.12;1.48
0.0521;5.12;1.5
0.0522;5.12;1.5
0.0523;5.12;1.52
0.0524;5.12;1.5
0.0525;5.12;1.5
0.0526;5.12;1.5
0.0527;5.12;1.5
0.0528;5.12;1.48
0.0529;5.12;1.46
0.053;5.12;1.48
0.0531;5.12;1.48
0.0532;5.12;1.5
0.0533;5.12;1.5
0.0534;5.12;1.5
0.0535;5.12;1.52
0.0536;5.12;1.52
0.0537;5.12;1.52
0.0538;5.12;1.5
0.0539;5.2;1.52
0.054;5.12;1.52
0.0541;5.12;1.52
0.0542;5.12;1.52
0.0543;5.04;1.52
0.0544;5.04;1.5
0.0545;5.12;1.48
0.0546;5.12;1.48
0.0547;5.12;1.48
0.0548;5.12;1.48
0.0549;5.12;1.5
0.055;5.12;1.52
0.0551;5.12;1.52
0.0552;5.12;1.52
0.0553;5.12;1.5
0.0554;5.12;1.52
0.0555;5.12;1.52
0.0556;5.12;1.52
0.0557;5.12;1.52
0.0558;5.12;1.52
0.0559;5.12;1.52
0.056;5.12;1.52
0.0561;5.12;1.52
0.0562;5.12;1.5
0.0563;5.12;1.5
0.0564;5.12;1.52
0.0565;5.12;1.52
0.0566;5.12;1.52
0.0567;5.12;1.52
0.0568;5.12;1.52
0.0569;5.12;1.5
0.057;5.04;1.54
0.0571;5.12;1.54
0.0572;5.12;1.52
0.0573;5.12;1.52
0.0574;5.12;1.52
0.0575;5.12;1.52
0.0576;5.12;1.54
0.0577;5.12;1.52
0.0578;5.12;1.54
0.0579;5.12;1.52
0.058;5.12;1.52
0.0581;5.12;1.5
0.0582;5.12;1.48
0.0583;5.12;1.52
0.0584;5.12;1.52
0.0585;5.12;1.52
0.0586;5.12;1.54
0.0587;5.12;1.52
0.0588;5.12;1.54
0.0589;5.12;1.54
0.059;5.12;1.54
0.0591;5.12;1.54
0.0592;5.12;1.54
0.0593;5.12;1.54
0.0594;5.2;1.56
0.0595;5.2;1.54
0.0596;5.12;1.52
0.0597;5.12;1.52
0.0598;5.12;1.52
0.0599;5.12;1.48
0.06;5.12;1.5
0.0601;5.04;1.5
0.0602;5.12;1.52
0.0603;5.12;1.54
0.0604;5.12;1.56
0.0605;5.12;1.54
0.0606;5.12;1.56
0.0607;5.04;1.56
0.0608;5.12;1.54
0.0609;5.12;1.56
0.061;5.12;1.56
0.0611;5.12;1.56
0.0612;5.12;1.56
0.0613;5.12;1.52
0.0614;5.12;1.52
0.0615;5.12;1.54
0.0616;5.12;1.54
0.0617;5.12;1.54
0.0618;5.12;1.56
0.0619;5.12;1.56
0.062;5.12;1.58
0.0621;5.12;1.56
0.0622;5.12;1.56
0.0623;5.12;1.54
0.0624;5.12;1.56
0.0625;5.12;1.56
0.0626;5.12;1.56
0.0627;5.12;1.56
0.0628;5.12;1.54
0.0629;5.12;1.54
0.063;5.12;1.54
0.0631;5.12;1.54
0.0632;5.12;1.56
0.0633;5.12;1.58
0.0634;5.04;1.56
0.0635;5.12;1.58
0.0636;5.12;1.6
0.0637;5.12;1.6
0.0638;5.12;1.6
0.0639;5.12;1.6
0.064;5.12;1.62
0.0641;5.12;1.6
0.0642;5.12;1.58
0.0643;5.12;1.56
0.0644;5.12;1.6
0.0645;5.12;1.58
0.0646;5.12;1.56
0.0647;5.12;1.58
0.0648;5.12;1.58
0.0649;5.12;1.58
0.065;5.12;1.6
0.0651;5.12;1.6
0.0652;5.12;1.6
0.0653;5.12;1.6
0.0654;5.12;1.6
0.0655;5.12;1.62
0.0656;5.04;1.58
0.0657;5.12;1.6
0.0658;5.12;1.6
0.0659;5.12;1.6
0.066;5.12;1.58
0.0661;5.12;1.58
0.0662;5.12;1.56
0.0663;5.12;1.58
0.0664;5.12;1.58
0.0665;5.12;1.58
0.0666;5.12;1.6
0.0667;5.12;1.6
0.0668;5.12;1.58
0.0669;5.12;1.6
0.067;5.04;1.62
0.0671;5.12;1.62
0.0672;5.04;1.6
0.0673;5.2;1.62
0.0674;5.12;1.6
0.0675;5.12;1.6
0.0676;5.12;1.6
0.0677;5.2;1.6
0.0678;5.04;1.58
0.0679;5.12;1.6
0.068;5.12;1.58
0.0681;5.12;1.6
0.0682;5.12;1.62
0.0683;5.12;1.62
0.0684;5.12;1.62
0.0685;5.12;1.6
0.0686;5.12;1.6
0.0687;5.12;1.6
0.0688;5.12;1.6
0.0689;5.12;1.6
0.069;5.12;1.62
0.0691;5.12;1.6
0.0692;5.12;1.6
0.0693;5.12;1.58
0.0694;5.12;1.58
0.0695;5.12;1.56
0.0696;5.12;1.56
0.0697;5.12;1.58
0.0698;5.12;1.6
0.0699;5.12;1.62
0.07;5.12;1.6
0.0701;5.12;1.62
0.0702;5.12;1.6
0.0703;5.12;1.6
0.0704;5.2;1.62
0.0705;5.12;1.62
0.0706;5.12;1.62
0.0707;5.12;1.6
0.0708;5.12;1.6
0.0709;5.12;1.6
0.071;5.12;1.6
0.0711;5.2;1.6
0.0712;5.12;1.56
0.0713;5.2;1.58
0.0714;5.12;1.6
0.0715;5.12;1.62
0.0716;5.12;1.6
0.0717;5.12;1.64
0.0718;5.12;1.6
0.0719;5.12;1.62
0.072;5.12;1.6
0.0721;5.12;1.62
0.0722;5.04;1.6
0.0723;5.12;1.62
0.0724;5.12;1.6
0.0725;5.12;1.6
0.0726;5.12;1.58
0.0727;5.12;1.6
0.0728;5.04;1.6
0.0729;5.12;1.6
0.073;5.12;1.6
0.0731;5.12;1.6
0.0732;5.2;1.62
0.0733;5.12;1.62
0.0734;5.12;1.62
0.0735;5.12;1.62
0.0736;5.2;1.66
0.0737;5.12;1.64
0.0738;5.12;1.62
0.0739;5.12;1.62
0.074;5.12;1.62
0.0741;5.12;1.56
0.0742;5.12;1.6
0.0743;5.2;1.62
0.0744;5.12;1.64
0.0745;5.12;1.62
0.0746;5.12;1.64
0.0747;5.12;1.62
0.0748;5.12;1.64
0.0749;5.04;1.64
0.075;5.12;1.64
0.0751;5.12;1.64
0.0752;5.12;1.62
0.0753;5.12;1.64
0.0754;5.12;1.64
0.0755;5.12;1.62
0.0756;5.12;1.64
0.0757;5.12;1.64
0.0758;5.12;1.62
0.0759;5.12;1.62
0.076;5.12;1.6
0.0761;5.12;1.64
0.0762;5.12;1.64
0.0763;5.12;1.64
0.0764;5.12;1.66
0.0765;5.12;1.66
0.0766;5.12;1.64
0.0767;5.12;1.64
0.0768;5.04;1.64
0.0769;5.12;1.68
0.077;5.12;1.64
0.0771;5.12;1.64
0.0772;5.12;1.6
0.0773;5.12;1.62
0.0774;5.12;1.62
0.0775;5.12;1.64
0.0776;5.12;1.66
0.0777;5.12;1.64
0.0778;5.12;1.64
0.0779;5.12;1.66
0.078;5.12;1.66
0.0781;5.12;1.66
0.0782;5.12;1.66
0.0783;5.12;1.66
0.0784;5.12;1.66
0.0785;5.12;1.64
0.0786;5.12;1.62
0.0787;5.12;1.64
0.0788;5.12;1.64
0.0789;5.2;1.64
0.079;5.12;1.62
0.0791;5.04;1.62
0.0792;5.12;1.64
0.0793;5.12;1.66
0.0794;5.12;1.66
0.0795;5.12;1.64
0.0796;5.12;1.66
0.0797;5.12;1.64
0.0798;5.12;1.68
0.0799;5.12;1.64
0.08;5.12;1.66
0.0801;5.12;1.64
0.0802;5.12;1.64
0.0803;5.12;1.62
0.0804;5.12;1.64
0.0805;5.12;1.6
0.0806;5.12;1.64
0.0807;5.12;1.62
0.0808;5.12;1.64
0.0809;5.12;1.64
0.081;5.12;1.64
0.0811;5.12;1.66
0.0812;5.12;1.66
0.0813;5.12;1.68
0.0814;5.12;1.64
0.0815;5.12;1.64
0.0816;5.12;1.64
0.0817;5.12;1.64
0.0818;5.2;1.64
0.0819;5.12;1.64
0.082;5.04;1.6
0.0821;5.12;1.62
0.0822;5.12;1.6
0.0823;5.12;1.64
0.0824;5.12;1.64
0.0825;5.12;1.66
0.0826;5.12;1.64
0.0827;5.12;1.66
0.0828;5.12;1.66
0.0829;5.12;1.68
0.083;5.12;1.64
0.0831;5.12;1.68
0.0832;5.12;1.66
0.0833;5.12;1.64
0.0834;5.12;1.64
0.0835;5.12;1.6
0.0836;5.12;1.64
0.0837;5.04;1.64
0.0838;5.12;1.64
0.0839;5.12;1.66
0.084;5.12;1.68
0.0841;5.12;1.68
0.0842;5.12;1.68
0.0843;5.12;1.68
0.0844;5.12;1.66
0.0845;5.12;1.68
0.0846;5.12;1.66
0.0847;5.12;1.7
0.0848;5.12;1.66
0.0849;5.12;1.66
0.085;5.12;1.64
0.0851;5.04;1.66
0.0852;5.04;1.64
0.0853;5.12;1.64
0.0854;5.12;1.68
0.0855;5.12;1.68
0.0856;5.2;1.7
0.0857;5.12;1.7
0.0858;5.12;1.72
0.0859;5.12;1.68
0.086;5.12;1.7
0.0861;5.12;1.68
0.0862;5.12;1.68
0.0863;5.2;1.7
0.0864;5.12;1.68
0.0865;5.12;1.66
0.0866;5.12;1.66
0.0867;5.12;1.66
0.0868;5.12;1.66
0.0869;5.12;1.68
0.087;5.2;1.7
0.0871;5.12;1.68
0.0872;5.12;1.7
0.0873;5.12;1.7
0.0874;5.12;1.7
0.0875;5.12;1.68
0.0876;5.12;1.7
0.0877;5.12;1.7
0.0878;5.12;1.68
0.0879;5.12;1.68
0.088;5.04;1.66
0.0881;5.12;1.66
0.0882;5.12;1.66
0.0883;5.12;1.68
0.0884;5.12;1.68
0.0885;5.12;1.68
0.0886;5.12;1.72
0.0887;5.12;1.7
0.0888;5.12;1.68
0.0889;5.12;1.7
0.089;5.12;1.7
0.0891;5.12;1.68
0.0892;5.12;1.7
0.0893;5.12;1.68
0.0894;5.12;1.68
0.0895;5.12;1.66
0.0896;5.12;1.66
0.0897;5.12;1.64
0.0898;5.12;1.68
0.0899;5.12;1.66
0.09;5.12;1.68
0.0901;5.04;1.68
0.0902;5.12;1.72
0.0903;5.12;1.68
0.0904;5.12;1.68
0.0905;5.12;1.68
0.0906;5.12;1.68
0.0907;5.12;1.7
0.0908;5.12;1.68
0.0909;5.12;1.68
0.091;5.12;1.66
0.0911;5.12;1.62
0.0912;5.12;1.66
0.0913;5.04;1.66
0.0914;5.12;1.66
0.0915;5.12;1.68
0.0916;5.12;1.7
0.0917;5.12;1.7
0.0918;5.12;1.68
0.0919;5.12;1.7
0.092;5.12;1.68
0.0921;5.12;1.68
0.0922;5.12;1.7
0.0923;5.12;1.68
0.0924;5.12;1.66
0.0925;5.12;1.68
0.0926;5.12;1.66
0.0927;5.12;1.64
0.0928;5.12;1.66
0.0929;5.12;1.66
0.093;5.12;1.68
0.0931;5.12;1.66
0.0932;5.12;1.66
0.0933;5.12;1.68
0.0934;5.12;1.68
0.0935;5.12;1.68
0.0936;5.12;1.7
0.0937;5.12;1.68
0.0938;5.12;1.7
0.0939;5.12;1.68
0.094;5.12;1.68
0.0941;5.04;1.64
0.0942;5.12;1.66
0.0943;5.04;1.66
0.0944;5.12;1.68
0.0945;5.12;1.68
0.0946;5.12;1.68
0.0947;5.12;1.68
0.0948;5.12;1.7
0.0949;5.12;1.68
0.095;5.12;1.7
0.0951;5.12;1.68
0.0952;5.12;1.68
0.0953;5.2;1.7
0.0954;5.12;1.68
0.0955;5.12;1.68
0.0956;5.12;1.66
0.0957;5.12;1.68
0.0958;5.12;1.68
0.0959;5.12;1.68
0.096;5.12;1.68
0.0961;5.12;1.68
0.0962;5.12;1.7
0.0963;5.12;1.7
0.0964;5.04;1.7
0.0965;5.12;1.72
0.0966;5.12;1.72
0.0967;5.12;1.72
0.0968;5.12;1.7
0.0969;5.12;1.7
0.097;5.12;1.68
0.0971;5.12;1.68
0.0972;5.12;1.7
0.0973;5.12;1.68
0.0974;5.12;1.7
0.0975;5.12;1.7
0.0976;5.12;1.7
0.0977;5.12;1.7
0.0978;5.12;1.72
0.0979;5.12;1.7
0.098;5.12;1.72
0.0981;5.12;1.74
0.0982;5.12;1.72
0.0983;5.12;1.7
0.0984;5.12;1.68
0.0985;5.12;1.66
0.0986;5.12;1.66
0.0987;5.12;1.66
0.0988;5.12;1.7
0.0989;5.12;1.7
0.099;5.12;1.7
0.0991;5.12;1.72
0.0992;5.12;1.7
0.0993;5.12;1.7
0.0994;5.12;1.74
0.0995;5.12;1.7
0.0996;5.12;1.72
0.0997;5.12;1.7
0.0998;5.12;1.72
0.0999;5.12;1.7
0.1;5.2;1.7
0.1001;5.2;1.7
0.1002;5.12;1.68
0.1003;5.12;1.68
0.1004;5.12;1.68
0.1005;5.12;1.68
0.1006;5.12;1.7
0.1007;5.12;1.72
0.1008;5.12;1.72
0.1009;5.12;1.74
0.101;5.12;1.7
0.1011;5.12;1.7
0.1012;5.12;1.7
0.1013;5.12;1.7
0.1014;5.12;1.72
0.1015;5.12;1.7
0.1016;5.12;1.7
0.1017;5.12;1.68
0.1018;5.12;1.66
0.1019;5.12;1.66
0.102;5.12;1.7
0.1021;5.12;1.7
0.1022;5.12;1.72
0.1023;5.2;1.7
0.1024;5.12;1.72
0.1025;5.12;1.68
0.1026;5.12;1.7
0.1027;5.12;1.7
0.1028;5.12;1.68
0.1029;5.12;1.68
0.103;5.12;1.68
0.1031;5.12;1.66
0.1032;5.12;1.66
0.1033;5.12;1.66
0.1034;5.12;1.66
0.1035;5.12;1.66
0.1036;5.12;1.7
0.1037;5.12;1.7
0.1038;5.12;1.7
0.1039;5.12;1.7
0.104;5.12;1.72
0.1041;5.12;1.7
0.1042;5.12;1.72
0.1043;5.12;1.72
0.1044;5.12;1.68
0.1045;5.12;1.68
0.1046;5.12;1.7
0.1047;5.12;1.68
0.1048;5.2;1.72
0.1049;5.12;1.7
0.105;5.04;1.68
0.1051;5.12;1.68
0.1052;5.12;1.7
0.1053;5.12;1.72
0.1054;5.12;1.72
0.1055;5.12;1.7
0.1056;5.12;1.72
0.1057;5.12;1.72
0.1058;5.12;1.7
0.1059;5.12;1.7
0.106;5.12;1.7
0.1061;5.2;1.68
0.1062;5.12;1.68
0.1063;5.12;1.7
0.1064;5.12;1.72
0.1065;5.12;1.7
0.1066;5.12;1.72
0.1067;5.12;1.72
0.1068;5.12;1.72
0.1069;5.12;1.74
0.107;5.12;1.74
0.1071;5.12;1.72
0.1072;4.96;1.7
0.1073;5.12;1.7
0.1074;5.12;1.72
0.1075;5.12;1.72
0.1076;5.12;1.7
0.1077;5.12;1.68
0.1078;5.12;1.72
0.1079;5.12;1.72
0.108;5.12;1.74
0.1081;5.04;1.74
0.1082;5.12;1.74
0.1083;5.12;1.74
0.1084;5.12;1.74
0.1085;5.12;1.72
0.1086;5.04;1.74
0.1087;5.12;1.72
0.1088;5.12;1.72
0.1089;5.12;1.7
0.109;5.12;1.68
0.1091;5.12;1.7
0.1092;5.12;1.7
0.1093;5.12;1.7
0.1094;5.12;1.72
0.1095;5.12;1.72
0.1096;5.12;1.72
0.1097;5.12;1.7
0.1098;5.12;1.74
0.1099;5.12;1.72
0.11;5.12;1.72
0.1101;5.04;1.74
0.1102;5.12;1.72
0.1103;5.12;1.72
0.1104;5.12;1.72
0.1105;5.12;1.7
0.1106;5.12;1.7
0.1107;5.12;1.7
0.1108;5.04;1.7
0.1109;5.12;1.7
0.111;5.12;1.72
0.1111;5.12;1.74
0.1112;5.12;1.72
0.1113;4.96;1.68
0.1114;5.12;1.74
0.1115;5.12;1.72
0.1116;5.12;1.72
0.1117;5.04;1.72
0.1118;5.12;1.72
0.1119;5.12;1.7
0.112;5.12;1.68
0.1121;5.12;1.7
0.1122;5.12;1.68
0.1123;5.12;1.68
0.1124;5.12;1.68
0.1125;5.12;1.72
0.1126;5.12;1.72
0.1127;5.12;1.72
0.1128;5.12;1.72
0.1129;5.12;1.72
0.113;5.12;1.72
0.1131;5.12;1.74
0.1132;5.12;1.74
0.1133;5.12;1.7
0.1134;5.12;1.72
0.1135;5.12;1.68
0.1136;5.12;1.68
0.1137;5.12;1.68
0.1138;5.12;1.68
0.1139;5.12;1.72
0.114;5.12;1.68
0.1141;5.12;1.72
0.1142;5.12;1.72
0.1143;5.12;1.7
0.1144;5.12;1.72
0.1145;5.12;1.72
0.1146;5.12;1.72
0.1147;5.12;1.74
0.1148;5.12;1.7
0.1149;5.12;1.68
0.115;5.12;1.66
0.1151;5.12;1.68
0.1152;5.12;1.68
0.1153;5.12;1.7
0.1154;5.12;1.7
0.1155;5.12;1.7
0.1156;5.12;1.72
0.1157;5.12;1.7
0.1158;5.12;1.7
0.1159;5.04;1.72
0.116;5.12;1.74
0.1161;5.12;1.72
0.1162;5.12;1.72
0.1163;5.04;1.7
0.1164;5.12;1.7
0.1165;5.12;1.66
0.1166;5.12;1.7
0.1167;5.12;1.7
0.1168;5.04;1.7
0.1169;5.12;1.72
0.117;5.12;1.72
0.1171;5.12;1.74
0.1172;5.12;1.72
0.1173;5.12;1.72
0.1174;5.12;1.74
0.1175;5.12;1.72
0.1176;5.12;1.74
0.1177;5.12;1.72
0.1178;5.12;1.74
0.1179;5.12;1.72
0.118;5.12;1.72
0.1181;5.12;1.7
0.1182;5.12;1.72
0.1183;5.12;1.72
0.1184;5.12;1.72
0.1185;5.12;1.72
0.1186;5.12;1.74
0.1187;5.12;1.74
0.1188;5.12;1.76
0.1189;5.12;1.76
0.119;5.12;1.76
0.1191;5.12;1.74
0.1192;5.12;1.74
0.1193;5.12;1.72
0.1194;5.2;1.7
0.1195;5.12;1.68
0.1196;5.12;1.7
0.1197;5.12;1.7
0.1198;5.12;1.74
0.1199;5.12;1.72
0.12;5.12;1.76
0.1201;5.12;1.72
0.1202;5.12;1.74
0.1203;5.12;1.74
0.1204;5.12;1.72
0.1205;5.12;1.74
0.1206;5.12;1.74
0.1207;5.12;1.74
0.1208;5.12;1.72
0.1209;5.04;1.7
0.121;5.12;1.7
0.1211;5.12;1.7
0.1212;5.12;1.72
0.1213;5.12;1.72
0.1214;5.12;1.74
0.1215;5.12;1.74
0.1216;5.12;1.72
0.1217;5.12;1.74
0.1218;5.12;1.76
0.1219;5.12;1.72
0.122;5.12;1.74
0.1221;5.12;1.72
0.1222;5.12;1.74
0.1223;5.12;1.7
0.1224;5.12;1.72
0.1225;5.12;1.7
0.1226;5.12;1.7
0.1227;5.12;1.7
0.1228;5.12;1.72
0.1229;5.12;1.7
0.123;5.12;1.72
0.1231;5.04;1.74
0.1232;5.12;1.74
0.1233;5.12;1.74
0.1234;5.12;1.74
0.1235;5.12;1.72
0.1236;5.12;1.7
0.1237;5.12;1.7
0.1238;5.12;1.7
0.1239;5.12;1.72
0.124;5.2;1.7
0.1241;5.12;1.66
0.1242;5.12;1.68
0.1243;5.04;1.68
0.1244;5.04;1.74
0.1245;5.12;1.72
0.1246;5.12;1.72
0.1247;5.12;1.76
0.1248;5.12;1.76
0.1249;5.12;1.72
0.125;5.12;1.74
0.1251;5.12;1.72
0.1252;5.12;1.72
0.1253;5.12;1.72
0.1254;5.12;1.72
0.1255;5.12;1.7
0.1256;5.12;1.68
0.1257;5.12;1.7
0.1258;5.12;1.72
0.1259;5.12;1.74
0.126;5.12;1.74
0.1261;5.12;1.74
0.1262;5.12;1.74
0.1263;5.12;1.74
0.1264;5.12;1.74
0.1265;5.12;1.72
0.1266;5.12;1.74
0.1267;5.12;1.74
0.1268;5.12;1.7
0.1269;5.12;1.7
0.127;5.12;1.7
0.1271;5.12;1.72
0.1272;5.12;1.72
0.1273;5.12;1.74
0.1274;5.12;1.74
0.1275;5.12;1.76
0.1276;5.12;1.76
0.1277;5.12;1.76
0.1278;5.12;1.78
0.1279;5.12;1.72
0.128;5.12;1.76
0.1281;5.12;1.72
0.1282;5.12;1.74
0.1283;5.12;1.74
0.1284;5.12;1.7
0.1285;5.12;1.72
0.1286;5.12;1.7
0.1287;5.12;1.74
0.1288;5.12;1.74
0.1289;5.12;1.76
0.129;5.12;1.76
0.1291;5.12;1.74
0.1292;5.12;1.74
0.1293;5.12;1.76
0.1294;5.12;1.76
0.1295;5.12;1.76
0.1296;5.12;1.74
0.1297;5.12;1.74
0.1298;5.12;1.74
0.1299;5.12;1.7
0.13;5.12;1.72
0.1301;5.12;1.74
0.1302;5.12;1.74
0.1303;5.12;1.74
0.1304;5.12;1.74
0.1305;5.12;1.76
0.1306;5.12;1.76
0.1307;5.12;1.74
0.1308;5.04;1.74
0.1309;5.12;1.76
0.131;5.12;1.8
0.1311;5.12;1.74
0.1312;5.12;1.72
0.1313;5.12;1.72
0.1314;5.12;1.72
0.1315;5.12;1.72
0.1316;5.12;1.72
0.1317;5.12;1.74
0.1318;5.12;1.76
0.1319;5.12;1.76
0.132;5.12;1.74
0.1321;5.12;1.74
0.1322;5.12;1.72
0.1323;5.12;1.72
0.1324;5.12;1.72
0.1325;5.12;1.72
0.1326;5.12;1.74
0.1327;5.12;1.72
0.1328;5.12;1.7
0.1329;5.12;1.7
0.133;5.12;1.68
0.1331;5.12;1.72
0.1332;5.12;1.74
0.1333;5.12;1.72
0.1334;5.12;1.74
0.1335;5.04;1.72
0.1336;5.12;1.72
0.1337;5.12;1.72
0.1338;5.12;1.76
0.1339;5.12;1.74
0.134;5.12;1.7
0.1341;5.12;1.72
0.1342;5.04;1.72
0.1343;5.12;1.7
0.1344;5.12;1.68
0.1345;5.12;1.68
0.1346;5.12;1.68
0.1347;5.12;1.72
0.1348;5.12;1.72
0.1349;5.12;1.72
0.135;5.04;1.7
0.1351;5.12;1.74
0.1352;5.04;1.74
0.1353;5.12;1.7
0.1354;5.12;1.74
0.1355;5.12;1.72
0.1356;5.12;1.72
0.1357;5.12;1.7
0.1358;5.12;1.68
0.1359;5.12;1.7
0.136;5.12;1.72
0.1361;5.12;1.72
0.1362;5.12;1.74
0.1363;5.12;1.74
0.1364;5.12;1.72
0.1365;5.12;1.74
0.1366;5.12;1.72
0.1367;5.12;1.72
0.1368;5.12;1.76
0.1369;5.12;1.72
0.137;5.12;1.72
0.1371;5.12;1.7
0.1372;5.12;1.7
0.1373;5.12;1.72
0.1374;5.12;1.74
0.1375;5.12;1.74
0.1376;5.12;1.74
0.1377;5.12;1.74
0.1378;5.04;1.74
0.1379;5.12;1.78
0.138;5.12;1.76
0.1381;5.12;1.76
0.1382;5.12;1.78
0.1383;5.12;1.76
0.1384;5.12;1.76
0.1385;5.12;1.72
0.1386;5.12;1.74
0.1387;5.12;1.7
0.1388;5.12;1.74
0.1389;5.04;1.72
0.139;5.12;1.72
0.1391;5.12;1.76
0.1392;5.12;1.78
0.1393;5.12;1.76
0.1394;5.12;1.76
0.1395;5.12;1.76
0.1396;5.12;1.76
0.1397;5.12;1.76
0.1398;5.12;1.74
0.1399;5.12;1.76
0.14;5.04;1.72
0.1401;5.12;1.72
0.1402;5.12;1.7
0.1403;5.12;1.72
0.1404;5.12;1.74
0.1405;5.12;1.74
0.1406;5.12;1.76
0.1407;5.12;1.76
0.1408;5.12;1.74
0.1409;5.12;1.76
0.141;4.96;1.7
0.1411;5.12;1.74
0.1412;5.12;1.74
0.1413;5.12;1.74
0.1414;5.12;1.74
0.1415;5.12;1.72
0.1416;5.12;1.72
0.1417;5.12;1.72
0.1418;5.12;1.7
0.1419;5.12;1.72
0.142;5.12;1.74
0.1421;5.12;1.74
0.1422;5.12;1.72
0.1423;5.12;1.74
0.1424;5.12;1.72
0.1425;5.12;1.74
0.1426;5.12;1.76
0.1427;5.12;1.76
0.1428;5.12;1.74
0.1429;5.12;1.72
0.143;5.12;1.7
0.1431;5.12;1.72
0.1432;5.12;1.7
0.1433;5.12;1.7
0.1434;5.12;1.72
0.1435;5.12;1.74
0.1436;5.12;1.72
0.1437;5.12;1.76
0.1438;5.12;1.74
0.1439;5.12;1.72
0.144;5.12;1.74
0.1441;5.12;1.74
0.1442;5.2;1.74
0.1443;5.12;1.72
0.1444;5.12;1.72
0.1445;5.12;1.72
0.1446;5.12;1.7
0.1447;5.12;1.7
0.1448;5.12;1.68
0.1449;5.12;1.68
0.145;5.12;1.7
0.1451;5.12;1.74
0.1452;5.12;1.76
0.1453;5.04;1.74
0.1454;5.12;1.74
0.1455;5.12;1.74
0.1456;5.12;1.72
0.1457;5.12;1.72
0.1458;5.12;1.7
0.1459;5.12;1.72
0.146;5.12;1.7
0.1461;5.04;1.7
0.1462;5.12;1.7
0.1463;5.12;1.72
0.1464;5.04;1.68
0.1465;5.12;1.72
0.1466;5.12;1.74
0.1467;5.12;1.74
0.1468;5.12;1.74
0.1469;5.12;1.72
0.147;5.12;1.74
0.1471;5.12;1.74
0.1472;5.12;1.72
0.1473;5.12;1.74
0.1474;5.12;1.74
0.1475;5.2;1.72
0.1476;5.04;1.7
0.1477;5.12;1.72
0.1478;5.12;1.74
0.1479;5.12;1.76
0.148;5.12;1.74
0.1481;5.12;1.76
0.1482;5.12;1.74
0.1483;5.12;1.76
0.1484;5.12;1.76
0.1485;5.12;1.76
0.1486;5.12;1.76
0.1487;5.12;1.74
0.1488;5.12;1.74
0.1489;5.12;1.74
0.149;5.12;1.74
0.1491;5.12;1.7
0.1492;5.12;1.72
0.1493;5.12;1.72
0.1494;5.12;1.76
0.1495;5.12;1.76
0.1496;5.04;1.7
0.1497;5.12;1.76
0.1498;5.12;1.76
0.1499;4.96;1.72
0.15;5.12;1.76
0.1501;5.12;1.76
0.1502;5.12;1.74
0.1503;5.12;1.74
0.1504;5.12;1.72
0.1505;5.12;1.7
0.1506;5.12;1.72
0.1507;5.12;1.72
0.1508;5.12;1.74
0.1509;5.12;1.74
0.151;5.12;1.74
0.1511;5.12;1.74
0.1512;5.12;1.76
0.1513;5.12;1.76
0.1514;5.2;1.76
0.1515;5.12;1.76
0.1516;5.12;1.76
0.1517;5.12;1.74
0.1518;5.12;1.74
0.1519;5.12;1.72
0.152;5.12;1.74
0.1521;5.12;1.72
0.1522;5.12;1.72
0.1523;5.12;1.72
0.1524;5.12;1.72
0.1525;5.12;1.74
0.1526;5.12;1.74
0.1527;5.12;1.74
0.1528;5.12;1.74
0.1529;5.12;1.74
0.153;5.12;1.74
0.1531;5.12;1.74
0.1532;5.12;1.72
0.1533;5.12;1.72
0.1534;5.12;1.72
0.1535;5.12;1.7
0.1536;5.12;1.68
0.1537;5.12;1.72
0.1538;5.12;1.74
0.1539;5.12;1.74
0.154;5.04;1.74
0.1541;5.2;1.72
0.1542;5.12;1.74
0.1543;5.04;1.74
0.1544;5.12;1.74
0.1545;5.12;1.76
0.1546;5.12;1.74
0.1547;5.12;1.74
0.1548;5.12;1.7
0.1549;5.12;1.72
0.155;5.04;1.7
0.1551;5.12;1.68
0.1552;5.12;1.7
0.1553;5.12;1.72
0.1554;5.12;1.74
0.1555;5.12;1.74
0.1556;5.12;1.76
0.1557;5.12;1.76
0.1558;5.12;1.76
0.1559;5.12;1.74
0.156;5.12;1.74
0.1561;5.12;1.76
0.1562;5.12;1.72
0.1563;5.12;1.72
0.1564;5.12;1.7
0.1565;5.12;1.7
0.1566;5.12;1.7
0.1567;5.12;1.74
0.1568;5.12;1.74
0.1569;5.12;1.74
0.157;5.12;1.76
0.1571;5.12;1.74
0.1572;5.12;1.74
0.1573;5.12;1.76
0.1574;5.12;1.76
0.1575;5.12;1.74
0.1576;5.12;1.74
0.1577;5.12;1.72
0.1578;5.12;1.7
0.1579;5.12;1.72
0.158;5.12;1.74
0.1581;5.12;1.74
0.1582;5.04;1.74
0.1583;5.12;1.72
0.1584;5.12;1.74
0.1585;5.12;1.76
0.1586;5.12;1.76
0.1587;5.12;1.76
0.1588;5.12;1.76
0.1589;5.12;1.74
0.159;5.12;1.74
0.1591;5.12;1.74
0.1592;5.12;1.74
0.1593;5.12;1.74
0.1594;5.12;1.74
0.1595;5.12;1.72
0.1596;5.12;1.76
0.1597;5.12;1.74
0.1598;5.12;1.76
0.1599;5.12;1.78
0.16;5.2;1.76
0.1601;5.12;1.76
0.1602;5.12;1.74
0.1603;5.12;1.76
0.1604;5.12;1.76
0.1605;5.12;1.76
0.1606;5.04;1.74
0.1607;5.2;1.74
0.1608;5.12;1.72
0.1609;5.12;1.74
0.161;5.12;1.74
0.1611;5.12;1.74
0.1612;5.12;1.76
0.1613;5.12;1.76
0.1614;5.12;1.76
0.1615;5.04;1.76
0.1616;5.12;1.76
0.1617;5.12;1.76
0.1618;5.12;1.74
0.1619;5.12;1.74
0.162;5.12;1.74
0.1621;5.12;1.7
0.1622;5.12;1.72
0.1623;5.04;1.68
0.1624;5.12;1.72
0.1625;5.12;1.74
0.1626;5.12;1.74
0.1627;5.12;1.76
0.1628;5.12;1.72
0.1629;5.12;1.74
0.163;5.12;1.76
0.1631;5.12;1.76
0.1632;5.12;1.76
0.1633;5.12;1.74
0.1634;5.12;1.72
0.1635;5.12;1.74
0.1636;5.12;1.72
0.1637;5.12;1.72
0.1638;5.12;1.7
0.1639;5.04;1.7
0.164;5.12;1.72
0.1641;5.12;1.76
0.1642;5.12;1.74
0.1643;5.12;1.74
0.1644;5.12;1.76
0.1645;5.12;1.72
0.1646;5.12;1.74
0.1647;5.12;1.76
0.1648;5.12;1.7
0.1649;5.12;1.72
0.165;5.12;1.72
0.1651;5.12;1.72
0.1652;5.12;1.68
0.1653;5.12;1.68
0.1654;5.12;1.68
0.1655;5.12;1.7
0.1656;5.12;1.74
0.1657;5.04;1.74
0.1658;5.12;1.74
0.1659;5.12;1.74
0.166;5.12;1.74
0.1661;5.12;1.74
0.1662;5.12;1.76
0.1663;5.12;1.72
0.1664;5.12;1.72
0.1665;5.12;1.72
0.1666;5.2;1.72
0.1667;5.12;1.7
0.1668;5.2;1.7
0.1669;5.04;1.7
0.167;5.12;1.74
0.1671;5.12;1.72
0.1672;5.12;1.72
0.1673;5.12;1.74
0.1674;5.12;1.76
0.1675;5.12;1.74
0.1676;5.2;1.76
0.1677;5.12;1.76
0.1678;5.12;1.72
0.1679;5.12;1.7
0.168;5.12;1.68
0.1681;5.12;1.74
0.1682;5.12;1.7
0.1683;5.12;1.72
0.1684;5.04;1.74
0.1685;5.04;1.72
0.1686;5.12;1.76
0.1687;5.2;1.76
0.1688;5.04;1.76
0.1689;5.12;1.76
0.169;5.12;1.78
0.1691;5.12;1.76
0.1692;5.12;1.74
0.1693;5.12;1.74
0.1694;5.12;1.72
0.1695;5.2;1.74
0.1696;5.12;1.7
0.1697;5.12;1.72
0.1698;5.12;1.74
0.1699;5.12;1.72
0.17;5.12;1.74
0.1701;5.12;1.76
0.1702;5.04;1.74
0.1703;5.12;1.76
0.1704;5.12;1.74
0.1705;5.12;1.74
0.1706;5.12;1.76
0.1707;5.04;1.72
0.1708;5.12;1.74
0.1709;5.12;1.74
0.171;5.12;1.72
0.1711;5.12;1.72
0.1712;5.12;1.72
0.1713;5.12;1.72
0.1714;5.12;1.72
0.1715;5.12;1.76
0.1716;5.12;1.74
0.1717;4.88;1.74
0.1718;5.12;1.74
0.1719;5.12;1.76
0.172;5.12;1.76
0.1721;5.12;1.76
0.1722;5.2;1.74
0.1723;5.12;1.72
0.1724;5.12;1.72
0.1725;5.04;1.7
0.1726;5.12;1.72
0.1727;5.12;1.7
0.1728;5.12;1.74
0.1729;5.12;1.74
0.173;5.12;1.74
0.1731;5.12;1.74
0.1732;5.12;1.74
0.1733;5.04;1.72
0.1734;5.12;1.74
0.1735;5.12;1.74
0.1736;5.12;1.74
0.1737;5.12;1.72
0.1738;5.12;1.72
0.1739;5.12;1.72
0.174;5.12;1.7
0.1741;5.12;1.7
0.1742;5.12;1.68
0.1743;5.12;1.72
0.1744;5.12;1.74
0.1745;5.12;1.74
0.1746;5.12;1.74
0.1747;5.12;1.76
0.1748;5.04;1.74
0.1749;5.12;1.76
0.175;5.12;1.72
0.1751;5.12;1.74
0.1752;5.12;1.74
0.1753;5.12;1.68
0.1754;5.04;1.7
0.1755;5.12;1.7
0.1756;5.12;1.7
0.1757;5.12;1.7
0.1758;5.12;1.72
0.1759;5.12;1.74
0.176;5.12;1.72
0.1761;5.12;1.74
0.1762;5.12;1.72
0.1763;5.12;1.74
0.1764;5.12;1.74
0.1765;5.12;1.72
0.1766;5.12;1.74
0.1767;5.2;1.72
0.1768;5.12;1.72
0.1769;5.12;1.7
0.177;5.12;1.68
0.1771;5.12;1.7
0.1772;5.12;1.7
0.1773;5.12;1.72
0.1774;5.12;1.72
0.1775;5.12;1.74
0.1776;5.12;1.74
0.1777;5.12;1.74
0.1778;5.12;1.74
0.1779;5.12;1.74
0.178;5.04;1.74
0.1781;5.12;1.72
0.1782;5.12;1.74
0.1783;5.12;1.7
0.1784;5.12;1.68
0.1785;5.12;1.72
0.1786;5.12;1.72
0.1787;5.12;1.72
0.1788;5.04;1.74
0.1789;5.12;1.76
0.179;5.12;1.76
0.1791;5.12;1.74
0.1792;5.12;1.76
0.1793;5.12;1.76
0.1794;5.12;1.76
0.1795;5.12;1.74
0.1796;5.12;1.74
0.1797;5.12;1.74
0.1798;5.12;1.72
0.1799;5.12;1.72
0.18;5.12;1.7
0.1801;5.12;1.72
0.1802;5.12;1.72
0.1803;5.12;1.74
0.1804;5.12;1.76
0.1805;5.12;1.74
0.1806;5.12;1.74
0.1807;5.12;1.76
0.1808;5.12;1.76
0.1809;5.12;1.74
0.181;5.12;1.76
0.1811;5.12;1.74
0.1812;5.12;1.72
0.1813;5.12;1.74
0.1814;5.12;1.72
0.1815;5.12;1.7
0.1816;5.12;1.72
0.1817;5.12;1.76
0.1818;5.12;1.76
0.1819;5.12;1.74
0.182;5.12;1.76
0.1821;5.12;1.76
0.1822;5.12;1.74
0.1823;5.12;1.76
0.1824;5.12;1.76
0.1825;5.12;1.74
0.1826;5.12;1.74
0.1827;5.04;1.74
0.1828;5.12;1.72
0.1829;5.12;1.7
0.183;5.12;1.72
0.1831;5.12;1.74
0.1832;5.12;1.74
0.1833;5.12;1.74
0.1834;5.12;1.76
0.1835;5.12;1.74
0.1836;5.12;1.76
0.1837;5.12;1.74
0.1838;5.12;1.76
0.1839;5.12;1.74
0.184;5.12;1.72
0.1841;5.12;1.74
0.1842;5.04;1.72
0.1843;5.12;1.72
0.1844;5.2;1.7
0.1845;5.12;1.7
0.1846;5.12;1.7
0.1847;5.12;1.72
0.1848;5.12;1.72
0.1849;5.12;1.74
0.185;5.12;1.74
0.1851;5.12;1.74
0.1852;5.12;1.76
0.1853;5.04;1.72
0.1854;5.2;1.74
0.1855;5.12;1.72
0.1856;5.12;1.72
0.1857;5.12;1.72
0.1858;5.12;1.7
0.1859;5.12;1.7
0.186;5.12;1.68
0.1861;5.12;1.68
0.1862;5.12;1.74
0.1863;5.12;1.74
0.1864;5.12;1.72
0.1865;5.12;1.72
0.1866;5.12;1.76
0.1867;5.12;1.74
0.1868;5.12;1.72
0.1869;5.12;1.72
0.187;5.12;1.72
0.1871;5.12;1.74
0.1872;5.12;1.72
0.1873;5.12;1.68
0.1874;5.12;1.72
0.1875;4.88;1.68
0.1876;5.12;1.72
0.1877;5.12;1.74
0.1878;5.12;1.72
0.1879;5.04;1.72
0.188;5.04;1.72
0.1881;5.12;1.76
0.1882;5.12;1.74
0.1883;5.12;1.74
0.1884;5.12;1.74
0.1885;5.12;1.72
0.1886;5.12;1.7
0.1887;5.12;1.7
0.1888;5.12;1.7
0.1889;5.12;1.74
0.189;5.12;1.74
0.1891;5.12;1.74
0.1892;5.12;1.76
0.1893;5.12;1.74
0.1894;5.04;1.74
0.1895;5.04;1.74
0.1896;5.12;1.76
0.1897;5.12;1.76
0.1898;5.12;1.76
0.1899;5.04;1.74
0.19;5.12;1.72
0.1901;5.12;1.74
0.1902;5.12;1.72
0.1903;5.12;1.72
0.1904;5.12;1.72
0.1905;5.12;1.74
0.1906;5.12;1.72
0.1907;5.12;1.76
0.1908;5.12;1.76
0.1909;5.12;1.76
0.191;5.12;1.74
0.1911;5.12;1.76
0.1912;5.12;1.74
0.1913;5.12;1.74
0.1914;5.12;1.74
0.1915;5.12;1.74
0.1916;5.12;1.72
0.1917;5.12;1.7
0.1918;5.12;1.72
0.1919;5.12;1.74
0.192;5.12;1.74
0.1921;5.12;1.74
0.1922;5.12;1.74
0.1923;5.12;1.74
0.1924;5.12;1.74
0.1925;5.12;1.76
0.1926;5.12;1.74
0.1927;5.12;1.74
0.1928;5.12;1.76
0.1929;5.12;1.76
0.193;5.12;1.74
0.1931;5.12;1.72
0.1932;5.12;1.7
0.1933;5.12;1.72
0.1934;5.12;1.72
0.1935;5.12;1.74
0.1936;5.12;1.74
0.1937;5.12;1.72
0.1938;5.04;1.72
0.1939;5.12;1.76
0.194;5.12;1.74
0.1941;5.12;1.76
0.1942;5.12;1.74
0.1943;5.12;1.74
0.1944;5.12;1.72
0.1945;5.12;1.74
0.1946;5.12;1.7
0.1947;5.12;1.68
0.1948;5.12;1.68
0.1949;5.12;1.72
0.195;5.12;1.74
0.1951;5.12;1.72
0.1952;5.12;1.74
0.1953;5.12;1.76
0.1954;5.12;1.74
0.1955;5.12;1.74
0.1956;5.12;1.76
0.1957;5.12;1.74
0.1958;5.12;1.72
0.1959;5.12;1.74
0.196;5.12;1.7
0.1961;5.12;1.7
0.1962;5.12;1.7
0.1963;5.12;1.7
0.1964;5.12;1.72
0.1965;5.12;1.72
0.1966;5.12;1.74
0.1967;5.12;1.74
0.1968;5.12;1.74
0.1969;5.12;1.74
0.197;5.12;1.74
0.1971;5.12;1.72
0.1972;5.12;1.72
0.1973;5.12;1.74
0.1974;5.12;1.72
0.1975;5.12;1.72
0.1976;5.12;1.7
0.1977;5.12;1.68
0.1978;5.12;1.72
0.1979;5.12;1.72
0.198;5.12;1.72
0.1981;5.12;1.72
0.1982;5.12;1.74
0.1983;5.12;1.74
0.1984;5.12;1.74
0.1985;5.12;1.74
0.1986;5.04;1.74
0.1987;5.12;1.74
0.1988;5.12;1.74
0.1989;5.12;1.72
0.199;5.12;1.7
0.1991;5.04;1.72
0.1992;5.12;1.74
0.1993;5.12;1.76
0.1994;5.04;1.74
0.1995;5.12;1.74
0.1996;5.12;1.76
0.1997;5.12;1.78
0.1998;5.12;1.76
0.1999;5.12;1.74
0.2;5.12;1.76
0.2001;5.12;1.76
0.2002;5.12;1.74
0.2003;5.12;1.74
0.2004;5.12;1.74
0.2005;5.12;1.72
0.2006;5.04;1.72
0.2007;5.12;1.74
0.2008;5.12;1.76
0.2009;5.12;1.76
0.201;5.12;1.76
0.2011;5.12;1.76
0.2012;5.12;1.74
0.2013;5.04;1.76
0.2014;5.12;1.76
0.2015;5.12;1.76
0.2016;5.12;1.76
0.2017;5.12;1.76
0.2018;5.12;1.72
0.2019;5.12;1.68
0.202;5.12;1.7
0.2021;5.12;1.74
0.2022;5.12;1.74
0.2023;5.12;1.74
0.2024;5.12;1.76
0.2025;5.12;1.76
0.2026;5.12;1.76
0.2027;5.04;1.76
0.2028;5.12;1.76
0.2029;5.12;1.74
0.203;5.12;1.74
0.2031;5.12;1.74
0.2032;5.12;1.74
0.2033;5.12;1.74
0.2034;5.12;1.74
0.2035;5.12;1.72
0.2036;5.12;1.72
0.2037;5.04;1.76
0.2038;5.12;1.72
0.2039;5.12;1.74
0.204;5.12;1.76
0.2041;5.12;1.76
0.2042;5.12;1.76
0.2043;5.12;1.76
0.2044;5.12;1.74
0.2045;5.12;1.76
0.2046;5.12;1.74
0.2047;5.12;1.74
0.2048;5.12;1.72
0.2049;5.12;1.72
0.205;5.12;1.68
0.2051;5.12;1.72
0.2052;5.12;1.74
0.2053;5.04;1.72
0.2054;5.12;1.74
0.2055;5.12;1.74
0.2056;5.12;1.76
0.2057;5.12;1.76
0.2058;5.12;1.74
0.2059;5.12;1.74
0.206;5.12;1.74
0.2061;5.2;1.72
0.2062;5.04;1.72
0.2063;5.12;1.68
0.2064;5.12;1.68
0.2065;5.12;1.68
0.2066;5.12;1.68
0.2067;5.12;1.7
0.2068;5.12;1.74
0.2069;5.12;1.76
0.207;5.12;1.76
0.2071;5.04;1.74
0.2072;5.12;1.74
0.2073;5.12;1.76
0.2074;5.12;1.74
0.2075;5.12;1.74
0.2076;5.12;1.72
0.2077;5.12;1.72
0.2078;5.2;1.7
0.2079;5.12;1.68
0.208;5.12;1.72
0.2081;5.12;1.72
0.2082;5.12;1.74
0.2083;5.04;1.72
0.2084;5.12;1.72
0.2085;5.12;1.74
0.2086;5.12;1.76
0.2087;5.12;1.76
0.2088;5.12;1.76
0.2089;5.12;1.72
0.209;5.12;1.74
0.2091;5.12;1.72
0.2092;5.12;1.72
0.2093;5.12;1.74
0.2094;5.12;1.74
0.2095;5.12;1.72
0.2096;5.12;1.76
0.2097;5.12;1.76
0.2098;5.12;1.76
0.2099;5.12;1.76
0.21;5.12;1.76
0.2101;5.12;1.76
0.2102;5.12;1.76
0.2103;5.12;1.76
0.2104;5.12;1.76
0.2105;5.12;1.74
0.2106;5.12;1.74
0.2107;5.12;1.7
0.2108;5.12;1.74
0.2109;5.12;1.72
0.211;5.12;1.72
0.2111;5.12;1.76
0.2112;5.2;1.78
0.2113;5.12;1.76
0.2114;5.12;1.76
0.2115;5.12;1.76
0.2116;5.12;1.76
0.2117;5.12;1.74
0.2118;5.12;1.76
0.2119;5.12;1.76
0.212;5.12;1.74
0.2121;5.12;1.74
0.2122;5.12;1.7
0.2123;5.12;1.74
0.2124;5.12;1.72
0.2125;5.12;1.76
0.2126;5.12;1.74
0.2127;5.12;1.74
0.2128;5.12;1.76
0.2129;5.12;1.76
0.213;5.12;1.76
0.2131;5.12;1.76
0.2132;5.12;1.76
0.2133;5.12;1.76
0.2134;5.12;1.74
0.2135;5.04;1.74
0.2136;5.12;1.74
0.2137;5.12;1.72
0.2138;5.04;1.74
0.2139;5.12;1.74
0.214;5.12;1.74
0.2141;5.12;1.74
0.2142;5.12;1.76
0.2143;5.12;1.76
0.2144;5.12;1.76
0.2145;5.12;1.76
0.2146;5.12;1.74
0.2147;5.12;1.74
0.2148;5.12;1.72
0.2149;5.12;1.74
0.215;5.12;1.72
0.2151;5.12;1.72
0.2152;5.12;1.7
0.2153;5.12;1.68
0.2154;5.12;1.7
0.2155;5.12;1.72
0.2156;5.12;1.74
0.2157;5.04;1.74
0.2158;5.12;1.74
0.2159;5.12;1.76
0.216;5.12;1.74
0.2161;5.2;1.76
0.2162;5.12;1.74
0.2163;5.12;1.74
0.2164;5.12;1.72
0.2165;5.12;1.7
0.2166;5.12;1.7
0.2167;5.04;1.7
0.2168;5.12;1.7
0.2169;5.12;1.7
0.217;5.04;1.74
0.2171;5.12;1.74
0.2172;5.12;1.74
0.2173;5.04;1.74
0.2174;5.12;1.74
0.2175;5.12;1.74
0.2176;5.12;1.74
0.2177;5.12;1.72
0.2178;5.04;1.74
0.2179;5.2;1.72
0.218;5.12;1.74
0.2181;5.12;1.72
0.2182;5.12;1.72
0.2183;5.12;1.72
0.2184;5.12;1.72
0.2185;5.12;1.74
0.2186;5.12;1.74
0.2187;5.12;1.72
0.2188;5.12;1.74
0.2189;5.12;1.76
0.219;5.12;1.74
0.2191;5.12;1.74
0.2192;5.12;1.74
0.2193;5.12;1.72
0.2194;5.12;1.72
0.2195;5.12;1.7
0.2196;5.12;1.72
0.2197;5.12;1.72
0.2198;5.12;1.74
0.2199;5.12;1.76
0.22;5.12;1.76
0.2201;5.12;1.74
0.2202;5.12;1.74
0.2203;5.12;1.76
0.2204;5.12;1.76
0.2205;5.12;1.76
0.2206;5.12;1.76
0.2207;5.12;1.76
0.2208;5.12;1.72
0.2209;5.12;1.74
0.221;5.12;1.7
0.2211;5.12;1.7
0.2212;5.12;1.72
0.2213;5.12;1.72
0.2214;5.12;1.74
0.2215;5.12;1.76
0.2216;5.04;1.74
0.2217;5.12;1.74
0.2218;5.12;1.76
0.2219;5.12;1.76
0.222;5.12;1.76
0.2221;5.12;1.76
0.2222;5.04;1.74
0.2223;5.12;1.74
0.2224;5.12;1.72
0.2225;5.12;1.72
0.2226;5.12;1.7
0.2227;5.04;1.74
0.2228;5.04;1.74
0.2229;5.12;1.74
