0;0;0.638071316146041
0.0200000000000000;0;0.343333905483627
0.0400000000000000;0;0.0411230943379439
0.0600000000000000;0;0.192583032020845
0.0800000000000000;0;-0.381495627094259
0.100000000000000;0;0.929015497447946
0.120000000000000;0;0.0323483726416327
0.140000000000000;0;0.984296753385696
0.160000000000000;0;0.144636289960398
0.180000000000000;0;0.477435122990575
0.200000000000000;0;-0.792100774118123
0.220000000000000;0;-0.384044076371436
0.240000000000000;0;0.682452513611912
0.260000000000000;0;-0.349982113895791
0.280000000000000;0;0.316227738401753
0.300000000000000;0;-0.197196347372370
0.320000000000000;0;-0.0742581947422577
0.340000000000000;0;-0.739063123416702
0.360000000000000;0;-0.695854066374518
0.380000000000000;0;0.539271347930179
0.400000000000000;0;-0.0245821245887429
0.420000000000000;0;-0.437599933975827
0.440000000000000;0;-0.419102199627937
0.460000000000000;0;0.471991641853858
0.480000000000000;0;-0.0307957689099438
0.500000000000000;0;0.281243578507971
0.520000000000000;0;0.217271058403733
0.540000000000000;0;0.414198188438691
0.560000000000000;0;0.219355228867301
0.580000000000000;0;-0.734704479849320
0.600000000000000;0;0.205418428668185
0.620000000000000;0;0.616276508493672
0.640000000000000;0;0.399093436151038
0.660000000000000;0;-1.30218534613284
0.680000000000000;0;-0.149956804951192
0.700000000000000;0;-0.176881479562644
0.720000000000000;0;0.174169154415960
0.740000000000000;0;-0.279980548971207
0.760000000000000;0;-0.00111809089554270
0.780000000000000;0;0.879922292284311
0.800000000000000;0;0.464276277954609
0.820000000000000;0;0.146844862363942
0.840000000000000;0;-0.505815803893763
0.860000000000000;0;-0.0386141049766946
0.880000000000000;0;0.0810034290106916
0.900000000000000;0;-0.305132754498263
0.920000000000000;0;-0.184421306584408
0.940000000000000;0;0.227429447829108
0.960000000000000;0;0.853249614669293
0.980000000000000;0;-1.33879764364598
1;45;-0.601506386445823
1.02000000000000;45;0.622961619371830
1.04000000000000;45;0.350687711469013
1.06000000000000;45;-0.0767583456596580
1.08000000000000;45;0.354008636309243
1.10000000000000;45;-0.337878418199419
1.12000000000000;45;-0.276214488743017
1.14000000000000;45;0.557627936476845
1.16000000000000;45;1.32892599217461
1.18000000000000;45;1.03818833491298
1.20000000000000;45;0.492857284176914
1.22000000000000;45;1.41285282053680
1.24000000000000;45;0.962621081960366
1.26000000000000;45;0.884556888955538
1.28000000000000;45;1.23543509283734
1.30000000000000;45;1.35310461823495
1.32000000000000;45;1.79637470841901
1.34000000000000;45;2.45318605615501
1.36000000000000;45;1.80888414818223
1.38000000000000;45;2.84223761530556
1.40000000000000;45;3.53972641444332
1.42000000000000;45;3.28198490725436
1.44000000000000;45;3.87654398730411
1.46000000000000;45;3.76494160845931
1.48000000000000;45;5.21183494380959
1.50000000000000;45;4.93516203857336
1.52000000000000;45;3.76790834352650
1.54000000000000;45;5.12282826369700
1.56000000000000;45;4.46490138384213
1.58000000000000;45;6.37874209901346
1.60000000000000;45;6.40094420312888
1.62000000000000;45;6.91276118457756
1.64000000000000;45;7.42733054522725
1.66000000000000;45;8.30225536484408
1.68000000000000;45;7.56874104713749
1.70000000000000;45;8.07781738842364
1.72000000000000;45;8.90655637437178
1.74000000000000;45;9.52800015081452
1.76000000000000;45;8.81121714737900
1.78000000000000;45;9.55696162053872
1.80000000000000;45;10.3222771470356
1.82000000000000;45;9.38858044953575
1.84000000000000;45;11.8367567948334
1.86000000000000;45;11.0989955467786
1.88000000000000;45;12.7569531885665
1.90000000000000;45;12.1632717415686
1.92000000000000;45;13.4151659840989
1.94000000000000;45;13.9945734490594
1.96000000000000;45;13.9306168838719
1.98000000000000;45;14.8207409206531
2;45;14.9320593766793
2.02000000000000;45;15.7979231552417
2.04000000000000;45;15.3889637011063
2.06000000000000;45;16.0879118390744
2.08000000000000;45;17.7589312308726
2.10000000000000;45;17.1532606270972
2.12000000000000;45;18.1284351004713
2.14000000000000;45;17.6368777186888
2.16000000000000;45;18.7952942569181
2.18000000000000;45;19.1036930249317
2.20000000000000;45;19.8937965889145
2.22000000000000;45;21.0853836432296
2.24000000000000;45;21.5997691431930
2.26000000000000;45;22.2192830060322
2.28000000000000;45;22.1802989336303
2.30000000000000;45;22.8814013190628
2.32000000000000;45;22.5444617732665
2.34000000000000;45;23.3900908838755
2.36000000000000;45;24.8467922738098
2.38000000000000;45;25.1565644672741
2.40000000000000;45;25.4171237114631
2.42000000000000;45;25.0051030129037
2.44000000000000;45;26.3763681863515
2.46000000000000;45;26.9210172743104
2.48000000000000;45;26.9926941343376
2.50000000000000;45;27.8801608069216
2.52000000000000;45;29.6289652150458
2.54000000000000;45;28.4741835247062
2.56000000000000;45;28.3417409946084
2.58000000000000;45;28.2584969675986
2.60000000000000;45;29.7985576477233
2.62000000000000;45;30.3363235318717
2.64000000000000;45;30.5524076029320
2.66000000000000;45;32.7928404137907
2.68000000000000;45;32.6917675799467
2.70000000000000;45;33.0070044271968
2.72000000000000;45;33.3450244203579
2.74000000000000;45;32.0127901271282
2.76000000000000;45;34.9772049826395
2.78000000000000;45;34.5327218376227
2.80000000000000;45;34.4829085574936
2.82000000000000;45;34.3077046885935
2.84000000000000;45;35.9321461974687
2.86000000000000;45;37.4730976728232
2.88000000000000;45;36.9719723718156
2.90000000000000;45;37.6727974848833
2.92000000000000;45;37.5408950274758
2.94000000000000;45;38.6342410179279
2.96000000000000;45;37.6557259925680
2.98000000000000;45;39.4386223385313
3;45;39.6107836507815
3.02000000000000;45;39.6287850275440
3.04000000000000;45;40.2405592070592
3.06000000000000;45;41.3992200463672
3.08000000000000;45;40.9366430400451
3.10000000000000;45;41.7913285649630
3.12000000000000;45;40.9723649268750
3.14000000000000;45;42.7055405016687
3.16000000000000;45;43.4213506786313
3.18000000000000;45;42.4680249381552
3.20000000000000;45;42.5907275069831
3.22000000000000;45;42.9684428533061
3.24000000000000;45;44.2172677051541
3.26000000000000;45;43.7612552657143
3.28000000000000;45;44.4555572000897
3.30000000000000;45;44.0637497984704
3.32000000000000;45;45.7184138905497
3.34000000000000;45;45.0507718380829
3.36000000000000;45;46.2525823846279
3.38000000000000;45;46.4911601471255
3.40000000000000;45;46.2774728626052
3.42000000000000;45;46.8208265006799
3.44000000000000;45;46.7606055632086
3.46000000000000;45;47.0101900528343
3.48000000000000;45;48.1089687104089
3.50000000000000;45;47.7646941415314
3.52000000000000;45;47.3958209226720
3.54000000000000;45;49.1040966117530
3.56000000000000;45;47.9139061863747
3.58000000000000;45;48.9553314866049
3.60000000000000;45;48.4903936843195
3.62000000000000;45;49.0047715643245
3.64000000000000;45;49.6093676944855
3.66000000000000;45;50.1759541805622
3.68000000000000;45;49.6172588678126
3.70000000000000;45;50.1845581702595
3.72000000000000;45;50.0690523109137
3.74000000000000;45;50.3828622362096
3.76000000000000;45;49.8976339102464
3.78000000000000;45;50.6491330192620
3.80000000000000;45;51.7000803456705
3.82000000000000;45;50.5846686108944
3.84000000000000;45;50.4817421975066
3.86000000000000;45;52.2014604247260
3.88000000000000;45;52.1165722897237
3.90000000000000;45;52.0409964206557
3.92000000000000;45;50.9357709452171
3.94000000000000;45;52.7076357692791
3.96000000000000;45;51.6426351092034
3.98000000000000;45;51.4144258385504
4;45;51.7940821157599
4.02000000000000;45;52.4695930428296
4.04000000000000;45;52.7212475293847
4.06000000000000;45;52.5653724469552
4.08000000000000;45;52.3802570841007
4.10000000000000;45;53.5837361983659
4.12000000000000;45;52.3102205997774
4.14000000000000;45;52.7825547659375
4.16000000000000;45;52.3831762398823
4.18000000000000;45;53.0562234693720
4.20000000000000;45;51.8113629983842
4.22000000000000;45;53.2684874758334
4.24000000000000;45;52.3352422839382
4.26000000000000;45;52.9096079293302
4.28000000000000;45;52.4071002694242
4.30000000000000;45;52.3254972370897
4.32000000000000;45;51.9802275020336
4.34000000000000;45;52.4877419422231
4.36000000000000;45;53.1381116182940
4.38000000000000;45;53.2881484176710
4.40000000000000;45;53.8563349795205
4.42000000000000;45;53.3483441622667
4.44000000000000;45;51.7998127152626
4.46000000000000;45;52.3897161671996
4.48000000000000;45;52.8477871513222
4.50000000000000;45;51.5089508529447
4.52000000000000;45;52.6845363764726
4.54000000000000;45;52.4895097595320
4.56000000000000;45;52.9510350005612
4.58000000000000;45;53.0252380881289
4.60000000000000;45;53.1579976777077
4.62000000000000;45;52.4969616993718
4.64000000000000;45;52.4168630160873
4.66000000000000;45;53.2729971920703
4.68000000000000;45;53.4146673169372
4.70000000000000;45;52.1256103481593
4.72000000000000;45;52.3429752472331
4.74000000000000;45;51.6487674532381
4.76000000000000;45;52.1139355984680
4.78000000000000;45;52.4241164333669
4.80000000000000;45;51.5880247858544
4.82000000000000;45;51.8905334243691
4.84000000000000;45;51.7407255252164
4.86000000000000;45;51.2786531304380
4.88000000000000;45;51.2213910257957
4.90000000000000;45;52.4400364701120
4.92000000000000;45;50.7509637721294
4.94000000000000;45;50.9160185402674
4.96000000000000;45;50.2494906954725
4.98000000000000;45;50.9036042684607
5;45;51.0530632495923
5.02000000000000;45;50.4245016166070
5.04000000000000;45;50.7770382257399
5.06000000000000;45;50.0649703113584
5.08000000000000;45;51.0263864224294
5.10000000000000;45;50.1831847717973
5.12000000000000;45;50.4930447909122
5.14000000000000;45;51.1256602804602
5.16000000000000;45;50.0338570860440
5.18000000000000;45;50.3852646819053
5.20000000000000;45;49.6517024352643
5.22000000000000;45;49.2017171913331
5.24000000000000;45;48.7222630014686
5.26000000000000;45;48.8716411205316
5.28000000000000;45;49.5699443959704
5.30000000000000;45;49.2598752713882
5.32000000000000;45;48.0713819710739
5.34000000000000;45;48.3820753047735
5.36000000000000;45;47.6241318523086
5.38000000000000;45;48.3513565546666
5.40000000000000;45;48.5606431983181
5.42000000000000;45;47.4662026140382
5.44000000000000;45;46.1889168446937
5.46000000000000;45;47.9461047257959
5.48000000000000;45;49.1644723926277
5.50000000000000;45;47.5444796533775
5.52000000000000;45;47.2567866546842
5.54000000000000;45;47.0908893261850
5.56000000000000;45;47.3025767869440
5.58000000000000;45;47.7617117526545
5.60000000000000;45;47.2945103248028
5.62000000000000;45;46.1934199230744
5.64000000000000;45;46.1506899222744
5.66000000000000;45;46.1170013048609
5.68000000000000;45;45.3549288141714
5.70000000000000;45;46.2980653184839
5.72000000000000;45;45.5937341411684
5.74000000000000;45;46.1992452330894
5.76000000000000;45;45.0820312133061
5.78000000000000;45;45.9344673073717
5.80000000000000;45;43.8323792651994
5.82000000000000;45;45.7134460602500
5.84000000000000;45;43.7268739800144
5.86000000000000;45;43.8267511440781
5.88000000000000;45;44.2743164143383
5.90000000000000;45;43.2953649235945
5.92000000000000;45;44.1936220882523
5.94000000000000;45;44.0835296454569
5.96000000000000;45;44.3554738757229
5.98000000000000;45;43.2591540644076
6;45;43.5592324554944
6.02000000000000;45;43.3158000772792
6.04000000000000;45;43.4172891253551
6.06000000000000;45;43.2301312090818
6.08000000000000;45;42.1939424168541
6.10000000000000;45;43.5597733399644
6.12000000000000;45;42.2386363903017
6.14000000000000;45;41.8057615642087
6.16000000000000;45;41.6177059972667
6.18000000000000;45;42.6775197361601
6.20000000000000;45;41.7965528579932
6.22000000000000;45;43.2272980544997
6.24000000000000;45;41.5012936795233
6.26000000000000;45;41.3977936033759
6.28000000000000;45;41.5672186612504
6.30000000000000;45;40.5643927900004
6.32000000000000;45;40.9278286754607
6.34000000000000;45;40.0853561739081
6.36000000000000;45;41.3988793159752
6.38000000000000;45;40.8647042394015
6.40000000000000;45;39.9034043827881
6.42000000000000;45;40.4912719274754
6.44000000000000;45;40.1156477387568
6.46000000000000;45;40.9749267975903
6.48000000000000;45;40.8447503583374
6.50000000000000;45;40.3428740177205
6.52000000000000;45;40.1382609165085
6.54000000000000;45;40.1963303814582
6.56000000000000;45;39.2279367176345
6.58000000000000;45;39.7400863591171
6.60000000000000;45;39.2167159404599
6.62000000000000;45;39.8041188677745
6.64000000000000;45;39.1314284319833
6.66000000000000;45;40.1552580421563
6.68000000000000;45;39.1248850342097
6.70000000000000;45;39.6308084901683
6.72000000000000;45;38.8206348328215
6.74000000000000;45;37.9253996105048
6.76000000000000;45;38.8575310411718
6.78000000000000;45;38.4602811166664
6.80000000000000;45;37.7215882628481
6.82000000000000;45;38.5240581143631
6.84000000000000;45;38.4646740103480
6.86000000000000;45;38.0351719291192
6.88000000000000;45;38.9117423499854
6.90000000000000;45;37.6444565811303
6.92000000000000;45;37.4939634880178
6.94000000000000;45;37.9334811803259
6.96000000000000;45;38.0815589385103
6.98000000000000;45;37.5178131856147
7;45;37.5833337305448
7.02000000000000;45;37.0734310222692
7.04000000000000;45;38.7072113442112
7.06000000000000;45;38.6087095701835
7.08000000000000;45;36.6524486469129
7.10000000000000;45;38.4919427346629
7.12000000000000;45;36.8849712715704
7.14000000000000;45;37.1569512266789
7.16000000000000;45;37.5775577852064
7.18000000000000;45;37.0477020114292
7.20000000000000;45;37.9124342445951
7.22000000000000;45;37.8044128112751
7.24000000000000;45;36.2185271658309
7.26000000000000;45;36.4675492807378
7.28000000000000;45;36.5977630458969
7.30000000000000;45;37.2081099206566
7.32000000000000;45;36.7055996245408
7.34000000000000;45;37.2971342191494
7.36000000000000;45;37.0043226220391
7.38000000000000;45;36.2935730819346
7.40000000000000;45;36.9001409145277
7.42000000000000;45;36.3885614533730
7.44000000000000;45;36.4303942435117
7.46000000000000;45;37.5172746795696
7.48000000000000;45;35.8310018578794
7.50000000000000;45;35.6117827983904
7.52000000000000;45;36.9684710371508
7.54000000000000;45;35.8328983472529
7.56000000000000;45;36.5947431929263
7.58000000000000;45;36.7947827281553
7.60000000000000;45;36.5046719226635
7.62000000000000;45;36.3310323105922
7.64000000000000;45;36.5346422683453
7.66000000000000;45;37.2946300218673
7.68000000000000;45;36.2798241120854
7.70000000000000;45;36.9600483374523
7.72000000000000;45;36.2865359111319
7.74000000000000;45;36.9437329565042
7.76000000000000;45;36.2367804017638
7.78000000000000;45;37.2912850355691
7.80000000000000;45;36.7467823808141
7.82000000000000;45;37.5257304499106
7.84000000000000;45;36.8372050546397
7.86000000000000;45;37.1464762892407
7.88000000000000;45;37.3911051109664
7.90000000000000;45;36.9346124812277
7.92000000000000;45;36.4997189929953
7.94000000000000;45;36.6654261015162
7.96000000000000;45;36.2159979781920
7.98000000000000;45;35.6357412258894
8;45;36.8642887723428
8.02000000000000;45;37.0998115870199
8.04000000000000;45;36.9642430760600
8.06000000000000;45;36.6797414975100
8.08000000000000;45;36.6438181741658
8.10000000000000;45;37.5202926764399
8.12000000000000;45;37.1384080205701
8.14000000000000;45;37.8307426914669
8.16000000000000;45;37.4324445253326
8.18000000000000;45;37.8149699443154
8.20000000000000;45;36.2848408619202
8.22000000000000;45;36.9290427662737
8.24000000000000;45;37.6487720612445
8.26000000000000;45;38.1417258272272
8.28000000000000;45;36.2314837224295
8.30000000000000;45;37.2539307556722
8.32000000000000;45;38.3132948527715
8.34000000000000;45;37.3671675183850
8.36000000000000;45;36.9717671508492
8.38000000000000;45;36.5661606195187
8.40000000000000;45;37.3566038988794
8.42000000000000;45;37.6371259697932
8.44000000000000;45;37.5918502117684
8.46000000000000;45;37.4153788184627
8.48000000000000;45;37.5692002451784
8.50000000000000;45;37.9488732933764
8.52000000000000;45;38.1454231408918
8.54000000000000;45;36.8312322666755
8.56000000000000;45;38.0901561211199
8.58000000000000;45;37.4370389892749
8.60000000000000;45;38.1251247492534
8.62000000000000;45;37.5260917652008
8.64000000000000;45;38.5804595793178
8.66000000000000;45;38.4966713898958
8.68000000000000;45;37.5582823486919
8.70000000000000;45;37.7211901968475
8.72000000000000;45;39.0184736779881
8.74000000000000;45;38.6614226809273
8.76000000000000;45;37.1296670196687
8.78000000000000;45;38.5155093958939
8.80000000000000;45;38.4982874884914
8.82000000000000;45;37.8349950841610
8.84000000000000;45;37.6813093539089
8.86000000000000;45;38.6177964962073
8.88000000000000;45;37.8220933181708
8.90000000000000;45;38.8910830388383
8.92000000000000;45;38.5375051163434
8.94000000000000;45;37.6730562370428
8.96000000000000;45;39.1145138033720
8.98000000000000;45;38.2209861173429
9;45;38.4897138765602
9.02000000000000;45;39.8590844584074
9.04000000000000;45;38.7309525385575
9.06000000000000;45;38.8232142207501
9.08000000000000;45;39.5040139694372
9.10000000000000;45;39.7232539379961
9.12000000000000;45;38.7752626874909
9.14000000000000;45;38.7351381250280
9.16000000000000;45;38.6924540855285
9.18000000000000;45;39.5017044671355
9.20000000000000;45;39.1355244130478
9.22000000000000;45;39.5148951093206
9.24000000000000;45;40.0256118720061
9.26000000000000;45;40.0058902266146
9.28000000000000;45;38.9846840139968
9.30000000000000;45;39.0039671058209
9.32000000000000;45;39.9289583566433
9.34000000000000;45;39.8573956529361
9.36000000000000;45;40.0841451857164
9.38000000000000;45;39.8653400687245
9.40000000000000;45;38.8624329055132
9.42000000000000;45;39.2728284080323
9.44000000000000;45;39.4859035550512
9.46000000000000;45;39.6838819490181
9.48000000000000;45;39.9556576825279
9.50000000000000;45;39.9296817016066
9.52000000000000;45;39.6627050930960
9.54000000000000;45;40.1743338642153
9.56000000000000;45;40.1540093045011
9.58000000000000;45;40.0054829479759
9.60000000000000;45;39.9557545492084
9.62000000000000;45;39.4544852234250
9.64000000000000;45;40.8420360814770
9.66000000000000;45;40.9884334830084
9.68000000000000;45;40.6001158559265
9.70000000000000;45;39.8490187137591
9.72000000000000;45;40.6594290571246
9.74000000000000;45;39.7638505763006
9.76000000000000;45;40.6291197273625
9.78000000000000;45;40.7569480419296
9.80000000000000;45;41.1341894968935
9.82000000000000;45;41.2620221253908
9.84000000000000;45;41.0634531175672
9.86000000000000;45;40.0248424283173
9.88000000000000;45;41.2544503505210
9.90000000000000;45;40.1788374734070
9.92000000000000;45;40.1950383161171
9.94000000000000;45;42.3886860706932
9.96000000000000;45;40.6929011073726
9.98000000000000;45;40.6039150406202
10;45;41.1325823825829
10.0200000000000;45;40.5267991413284
10.0400000000000;45;41.2775752909139
10.0600000000000;45;40.9146392962309
10.0800000000000;45;40.9363801702406
10.1000000000000;45;40.7155700557348
10.1200000000000;45;41.1333485064343
10.1400000000000;45;40.4959054738119
10.1600000000000;45;41.6562291613941
10.1800000000000;45;40.8413195394509
10.2000000000000;45;40.9058724738971
10.2200000000000;45;40.6692418368460
10.2400000000000;45;40.9922608749395
10.2600000000000;45;42.1537858999034
10.2800000000000;45;41.5683752246242
10.3000000000000;45;40.1375413163968
10.3200000000000;45;40.8557533267025
10.3400000000000;45;41.1101213108514
10.3600000000000;45;40.7987330766287
10.3800000000000;45;41.1911255674887
10.4000000000000;45;41.0325498729723
10.4200000000000;45;41.9618625733948
10.4400000000000;45;41.1212707465977
10.4600000000000;45;40.7543445486465
10.4800000000000;45;41.6252680324188
10.5000000000000;45;40.7474754881063
10.5200000000000;45;41.5532244559421
10.5400000000000;45;42.2784959329428
10.5600000000000;45;41.6150860845708
10.5800000000000;45;41.9835479319969
10.6000000000000;45;41.6685004166422
10.6200000000000;45;41.3389064216784
10.6400000000000;45;42.2490587890296
10.6600000000000;45;40.6332006427401
10.6800000000000;45;43.2163757671325
10.7000000000000;45;41.7148838942536
10.7200000000000;45;41.9877119922396
10.7400000000000;45;41.3955389138407
10.7600000000000;45;41.0112263631127
10.7800000000000;45;40.6208073582304
10.8000000000000;45;42.4251556529378
10.8200000000000;45;40.8517570394644
10.8400000000000;45;41.2230670755420
10.8600000000000;45;41.5639459917943
10.8800000000000;45;41.0589887359416
10.9000000000000;45;41.7795366189731
10.9200000000000;45;41.7012023710369
10.9400000000000;45;41.2985854522490
10.9600000000000;45;41.9410870506264
10.9800000000000;45;41.1030530604510
11;45;41.3203877666355
11.0200000000000;45;42.1415247074553
11.0400000000000;45;41.7718730185138
11.0600000000000;45;41.9182606364687
11.0800000000000;45;42.4027483639980
11.1000000000000;45;41.9428656466278
11.1200000000000;45;41.6295231625409
11.1400000000000;45;41.8576970916903
11.1600000000000;45;42.0436288734725
11.1800000000000;45;40.7161441525410
11.2000000000000;45;41.5756601946072
11.2200000000000;45;41.0053678486024
11.2400000000000;45;41.9943649951107
11.2600000000000;45;42.1858876630503
11.2800000000000;45;42.2896345360522
11.3000000000000;45;41.1684866487364
11.3200000000000;45;41.3772316314600
11.3400000000000;45;42.3008629399308
11.3600000000000;45;41.7573814697456
11.3800000000000;45;41.4414493588029
11.4000000000000;45;41.5359995513988
11.4200000000000;45;41.7193582212481
11.4400000000000;45;42.0555157305733
11.4600000000000;45;41.3568558841391
11.4800000000000;45;41.1569101351718
11.5000000000000;45;41.6313030008338
11.5200000000000;45;41.6863493566395
11.5400000000000;45;41.5455834307833
11.5600000000000;45;41.9360854749122
11.5800000000000;45;42.9577534119623
11.6000000000000;45;42.1915940304648
11.6200000000000;45;40.8252204668656
11.6400000000000;45;41.3011908647764
11.6600000000000;45;40.5031215276902
11.6800000000000;45;41.0113334976601
11.7000000000000;45;42.1350163399807
11.7200000000000;45;42.3636469411381
11.7400000000000;45;42.7386229857648
11.7600000000000;45;41.0105978921774
11.7800000000000;45;41.9117639438089
11.8000000000000;45;41.1176289437814
11.8200000000000;45;42.1658587022148
11.8400000000000;45;42.0355482415853
11.8600000000000;45;41.1859139935359
11.8800000000000;45;40.0763191024933
11.9000000000000;45;41.3220490998377
11.9200000000000;45;40.6830534683985
11.9400000000000;45;40.7457407251672
11.9600000000000;45;41.0842879075676
11.9800000000000;45;40.4778353566799
12;45;42.2080287436961
12.0200000000000;45;41.1430427971102
12.0400000000000;45;40.8268069957326
12.0600000000000;45;41.2121127747212
12.0800000000000;45;40.3659851247514
12.1000000000000;45;41.8643400460495
12.1200000000000;45;40.8493956569103
12.1400000000000;45;41.4069335038134
12.1600000000000;45;41.0781531087895
12.1800000000000;45;40.2904527689688
12.2000000000000;45;40.6248937442593
12.2200000000000;45;41.2072736634193
12.2400000000000;45;41.6101627847790
12.2600000000000;45;41.2964872677529
12.2800000000000;45;41.5070429299782
12.3000000000000;45;40.5736619772978
12.3200000000000;45;41.8764867844085
12.3400000000000;45;42.2218022549683
12.3600000000000;45;41.6485769698281
12.3800000000000;45;40.2288204331345
12.4000000000000;45;41.2337059457102
12.4200000000000;45;41.1798435750922
12.4400000000000;45;40.6875482114047
12.4600000000000;45;40.9063027891972
12.4800000000000;45;40.5724186136155
12.5000000000000;45;41.0407796354037
12.5200000000000;45;40.9633423150453
12.5400000000000;45;41.2886628977454
12.5600000000000;45;40.9286915022916
12.5800000000000;45;40.8624052073524
12.6000000000000;45;40.9923135178770
12.6200000000000;45;40.5929098855644
12.6400000000000;45;39.8246479276833
12.6600000000000;45;41.0944417134622
12.6800000000000;45;40.5975712831469
12.7000000000000;45;40.8550641673248
12.7200000000000;45;41.2055719024978
12.7400000000000;45;40.4092732444665
12.7600000000000;45;40.0803629667739
12.7800000000000;45;39.5787135161748
12.8000000000000;45;40.1722485375636
12.8200000000000;45;41.3215569539743
12.8400000000000;45;40.7011146727821
12.8600000000000;45;41.0277791408536
12.8800000000000;45;41.5148602691696
12.9000000000000;45;40.3446673465145
12.9200000000000;45;41.0009457607137
12.9400000000000;45;41.5544387205143
12.9600000000000;45;39.9006548858343
12.9800000000000;45;39.9683827419924
13;45;40.4022652638746
13.0200000000000;45;40.6572942084994
13.0400000000000;45;40.0127408429395
13.0600000000000;45;40.1159849823604
13.0800000000000;45;39.2238437665203
13.1000000000000;45;39.5699256575742
13.1200000000000;45;40.5494969945756
13.1400000000000;45;41.3975967076382
13.1600000000000;45;40.1190905145885
13.1800000000000;45;41.5886318568347
13.2000000000000;45;40.2655464384545
13.2200000000000;45;39.8876644404899
13.2400000000000;45;40.8739706166447
13.2600000000000;45;39.7172169528675
13.2800000000000;45;41.5871035304991
13.3000000000000;45;39.9716599710766
13.3200000000000;45;40.2588590316508
13.3400000000000;45;40.3708937663692
13.3600000000000;45;39.5833668623403
13.3800000000000;45;40.7905316736458
13.4000000000000;45;40.2027776514538
13.4200000000000;45;41.5224439090917
13.4400000000000;45;39.6995568072784
13.4600000000000;45;40.3263439323634
13.4800000000000;45;39.6928884610079
13.5000000000000;45;39.9025332030745
13.5200000000000;45;40.1923034050204
13.5400000000000;45;40.1424414649864
13.5600000000000;45;39.7522123869627
13.5800000000000;45;40.4963375816704
13.6000000000000;45;41.7394229075037
13.6200000000000;45;40.0534814017556
13.6400000000000;45;40.2260151467835
13.6600000000000;45;39.3036494153063
13.6800000000000;45;40.9454484351675
13.7000000000000;45;39.9180841223831
13.7200000000000;45;39.6617537381004
13.7400000000000;45;39.4595695487675
13.7600000000000;45;40.6818004792540
13.7800000000000;45;40.3501786723326
13.8000000000000;45;39.0754580425722
13.8200000000000;45;41.1205783764074
13.8400000000000;45;39.8790833696288
13.8600000000000;45;39.7629061503073
13.8800000000000;45;39.8627848708450
13.9000000000000;45;40.3953098011427
13.9200000000000;45;39.7502818748265
13.9400000000000;45;40.3860757325396
13.9600000000000;45;40.6316296958164
13.9800000000000;45;40.4264792321729
14;45;40.4987222772538
14.0200000000000;45;40.4232540789516
14.0400000000000;45;40.4979042493959
14.0600000000000;45;39.1852409826998
14.0800000000000;45;39.9593821139620
14.1000000000000;45;40.0253958598890
14.1200000000000;45;40.8750922099931
14.1400000000000;45;39.2381236632611
14.1600000000000;45;40.1092039801463
14.1800000000000;45;39.8829953540909
14.2000000000000;45;40.2831384267135
14.2200000000000;45;40.4917649843792
14.2400000000000;45;40.5817449765893
14.2600000000000;45;39.7460779020975
14.2800000000000;45;39.7663692821709
14.3000000000000;45;39.5907464810096
14.3200000000000;45;40.6994786576997
14.3400000000000;45;40.0992475203812
14.3600000000000;45;39.6795189481566
14.3800000000000;45;41.2014964544954
14.4000000000000;45;40.0583577468783
14.4200000000000;45;40.1382877129506
14.4400000000000;45;39.7608509538996
14.4600000000000;45;39.8426432937890
14.4800000000000;45;40.5203317858630
14.5000000000000;45;39.4377158578930
14.5200000000000;45;40.8435575046013
14.5400000000000;45;40.4236541774852
14.5600000000000;45;39.7394841874122
14.5800000000000;45;40.0758697905824
14.6000000000000;45;39.7149877886526
14.6200000000000;45;40.7062152754974
14.6400000000000;45;40.4891795422909
14.6600000000000;45;39.7778855771918
14.6800000000000;45;40.0485969788381
14.7000000000000;45;40.7467913611122
14.7200000000000;45;39.9303638518810
14.7400000000000;45;40.0260923860772
14.7600000000000;45;40.0081803704520
14.7800000000000;45;39.4610654931697
14.8000000000000;45;39.9745552304232
14.8200000000000;45;41.1098260215028
14.8400000000000;45;39.2904697445628
14.8600000000000;45;40.7178565893090
14.8800000000000;45;40.8267855594559
14.9000000000000;45;39.3164236621786
14.9200000000000;45;40.6385392353316
14.9400000000000;45;39.7474083299421
14.9600000000000;45;40.6396875164542
14.9800000000000;45;39.8283765973057
15;45;40.5662554822753