0;0;0.638071316146041
0.0100000000000000;0;0.343333905483627
0.0200000000000000;0;0.0411230943379439
0.0300000000000000;0;0.192583032020845
0.0400000000000000;0;-0.381495627094259
0.0500000000000000;0;0.929015497447946
0.0600000000000000;0;0.0323483726416327
0.0700000000000000;0;0.984296753385696
0.0800000000000000;0;0.144636289960398
0.0900000000000000;0;0.477435122990575
0.100000000000000;0;-0.792100774118123
0.110000000000000;0;-0.384044076371436
0.120000000000000;0;0.682452513611912
0.130000000000000;0;-0.349982113895791
0.140000000000000;0;0.316227738401753
0.150000000000000;0;-0.197196347372370
0.160000000000000;0;-0.0742581947422577
0.170000000000000;0;-0.739063123416702
0.180000000000000;0;-0.695854066374518
0.190000000000000;0;0.539271347930179
0.200000000000000;0;-0.0245821245887429
0.210000000000000;0;-0.437599933975827
0.220000000000000;0;-0.419102199627937
0.230000000000000;0;0.471991641853858
0.240000000000000;0;-0.0307957689099438
0.250000000000000;0;0.281243578507971
0.260000000000000;0;0.217271058403733
0.270000000000000;0;0.414198188438691
0.280000000000000;0;0.219355228867301
0.290000000000000;0;-0.734704479849320
0.300000000000000;0;0.205418428668185
0.310000000000000;0;0.616276508493672
0.320000000000000;0;0.399093436151038
0.330000000000000;0;-1.30218534613284
0.340000000000000;0;-0.149956804951192
0.350000000000000;0;-0.176881479562644
0.360000000000000;0;0.174169154415960
0.370000000000000;0;-0.279980548971207
0.380000000000000;0;-0.00111809089554270
0.390000000000000;0;0.879922292284311
0.400000000000000;0;0.464276277954609
0.410000000000000;0;0.146844862363942
0.420000000000000;0;-0.505815803893763
0.430000000000000;0;-0.0386141049766946
0.440000000000000;0;0.0810034290106916
0.450000000000000;0;-0.305132754498263
0.460000000000000;0;-0.184421306584408
0.470000000000000;0;0.227429447829108
0.480000000000000;0;0.853249614669293
0.490000000000000;0;-1.33879764364598
0.500000000000000;0;-0.601506386445823
0.510000000000000;0;0.614899555931263
0.520000000000000;0;0.318592278193575
0.530000000000000;0;-0.148626868734831
0.540000000000000;0;0.226861922092152
0.550000000000000;0;-0.535570909430096
0.560000000000000;0;-0.559480065154985
0.570000000000000;0;0.174004872813210
0.580000000000000;0;0.830406440656263
0.590000000000000;0;0.410481059609009
0.600000000000000;0;-0.278078954233055
0.610000000000000;0;0.484898477921366
0.620000000000000;0;-0.135886435479643
0.630000000000000;0;-0.397782959524303
0.640000000000000;0;-0.243758611854486
0.650000000000000;0;-0.335705246355125
0.660000000000000;0;-0.114552932900704
0.670000000000000;0;0.307901049581142
0.680000000000000;0;-0.582734565138486
0.690000000000000;0;0.192573197997145
0.700000000000000;0;0.620569617126639
0.710000000000000;0;0.0821552331298573
0.720000000000000;0;0.385127859139251
0.730000000000000;0;-0.0287070073783812
0.740000000000000;0;1.10557585935580
0.750000000000000;0;0.506182952790542
0.760000000000000;0;-0.993631544653406
0.770000000000000;0;0.0191556764310388
0.780000000000000;0;-0.990206831295715
0.790000000000000;0;0.563164250927941
0.800000000000000;0;0.216131490334800
0.810000000000000;0;0.350216893567955
0.820000000000000;0;0.478826122578691
0.830000000000000;0;0.959829957512585
0.840000000000000;0;-0.175299057185052
0.850000000000000;0;-0.0752646424336304
0.860000000000000;0;0.337270915529661
0.870000000000000;0;0.535614640904747
0.880000000000000;0;-0.610901101436536
0.890000000000000;0;-0.301259154621890
0.900000000000000;0;0.0218458336064170
0.910000000000000;0;-1.35990885179115
0.920000000000000;0;0.634621318423774
0.930000000000000;0;-0.562116414212270
0.940000000000000;0;0.631790843246606
0.950000000000000;0;-0.430760027450287
0.960000000000000;0;0.347698983324755
0.970000000000000;0;0.449356932788546
0.980000000000000;0;-0.0964136904954513
0.990000000000000;0;0.308079629151112
1;24;-0.0698033376474308
1.01000000000000;24;0.307234752423282
1.02000000000000;24;-0.586417142569079
1.03000000000000;24;-0.368061697141612
1.04000000000000;24;0.826438188733940
1.05000000000000;24;-0.251698722723131
1.06000000000000;24;0.255048873499638
1.07000000000000;24;-0.700903843281085
1.08000000000000;24;-0.00285343726625295
1.09000000000000;24;-0.150788708666539
1.10000000000000;24;0.187020718893383
1.11000000000000;24;0.930365971051030
1.12000000000000;24;1.00057876623702
1.13000000000000;24;1.18000983696703
1.14000000000000;24;0.705057482235062
1.15000000000000;24;0.974334212762088
1.16000000000000;24;0.209743025194397
1.17000000000000;24;0.631928917047114
1.18000000000000;24;1.66943270974885
1.19000000000000;24;1.56429268721772
1.20000000000000;24;1.41426719804943
1.21000000000000;24;0.596033480034819
1.22000000000000;24;1.56550350471819
1.23000000000000;24;1.71282319986633
1.24000000000000;24;1.39168584681520
1.25000000000000;24;1.89090426529492
1.26000000000000;24;3.25607833666015
1.27000000000000;24;1.72233719461743
1.28000000000000;24;1.21565991150189
1.29000000000000;24;0.762960332487813
1.30000000000000;24;1.93839970146517
1.31000000000000;24;2.11643394737711
1.32000000000000;24;1.97773173779285
1.33000000000000;24;3.86837942889605
1.34000000000000;24;3.42257842951208
1.35000000000000;24;3.39819972548920
1.36000000000000;24;3.40177219025876
1.37000000000000;24;1.74031343554167
1.38000000000000;24;4.38078146762137
1.39000000000000;24;3.61768313197651
1.40000000000000;24;3.25463961345555
1.41000000000000;24;2.77164300810549
1.42000000000000;24;4.09378097241984
1.43000000000000;24;5.33796883952430
1.44000000000000;24;4.54566958385853
1.45000000000000;24;4.96095900842559
1.46000000000000;24;4.54920656288487
1.47000000000000;24;5.36843445161298
1.48000000000000;24;4.12157808272667
1.49000000000000;24;5.64195333843657
1.50000000000000;24;5.55745587313880
1.51000000000000;24;5.32470135335134
1.52000000000000;24;5.69166154231149
1.53000000000000;24;6.61148772985493
1.54000000000000;24;5.91609120540811
1.55000000000000;24;6.54400646007395
1.56000000000000;24;5.50435419354343
1.57000000000000;24;7.02295341857149
1.58000000000000;24;7.53032837029698
1.59000000000000;24;6.37473555274876
1.60000000000000;24;6.30136436556142
1.61000000000000;24;6.48922257313853
1.62000000000000;24;7.55442829962798
1.63000000000000;24;6.92105422327388
1.64000000000000;24;7.44426954458569
1.65000000000000;24;6.88766613322790
1.66000000000000;24;8.38383842839500
1.67000000000000;24;7.56402041950238
1.68000000000000;24;8.61998048616837
1.69000000000000;24;8.71904088208143
1.70000000000000;24;8.37217497597489
1.71000000000000;24;8.78869236031390
1.72000000000000;24;8.60797914901147
1.73000000000000;24;8.74341494582417
1.74000000000000;24;9.73438608338103
1.75000000000000;24;9.28864075301630
1.76000000000000;24;8.82462711582288
1.77000000000000;24;10.4440843197446
1.78000000000000;24;9.17138694584130
1.79000000000000;24;10.1366044605954
1.80000000000000;24;9.60174369619417
1.81000000000000;24;10.0524671439710
1.82000000000000;24;10.5996591381807
1.83000000000000;24;11.1150716257607
1.84000000000000;24;10.5114103840937
1.85000000000000;24;11.0399278676200
1.86000000000000;24;10.8917984665490
1.87000000000000;24;11.1791154408805
1.88000000000000;24;10.6734952352858
1.89000000000000;24;11.4106722052341
1.90000000000000;24;12.4533340136528
1.91000000000000;24;11.3356384973126
1.92000000000000;24;11.2363934134114
1.93000000000000;24;12.9657197403630
1.94000000000000;24;12.8963264452075
1.95000000000000;24;12.8420904635246
1.96000000000000;24;11.7640065956033
1.97000000000000;24;13.5687698133979
1.98000000000000;24;12.5423778218257
1.99000000000000;24;12.3584394350902
2;24;12.7879792345733
2.01000000000000;24;13.5189352582900
2.02000000000000;24;13.8315438962625
2.03000000000000;24;13.7420780766037
2.04000000000000;24;13.6287717529128
2.05000000000000;24;14.9094029889397
2.06000000000000;24;13.7183245751969
2.07000000000000;24;14.2783216775439
2.08000000000000;24;13.9717712688861
2.09000000000000;24;14.7427500026225
2.10000000000000;24;13.6008614385912
2.11000000000000;24;15.1659340865037
2.12000000000000;24;14.3455480692661
2.13000000000000;24;15.0376175492538
2.14000000000000;24;14.6575909900346
2.15000000000000;24;14.7031779165549
2.16000000000000;24;14.4897376121748
2.17000000000000;24;15.1336506258569
2.18000000000000;24;15.9249167824321
2.19000000000000;24;16.2202758626440
2.20000000000000;24;16.9381375640736
2.21000000000000;24;16.5841010046492
2.22000000000000;24;15.1937284303164
2.23000000000000;24;15.9459201394272
2.24000000000000;24;16.5703328438985
2.25000000000000;24;15.4018151526136
2.26000000000000;24;16.7516189742526
2.27000000000000;24;16.7346325671364
2.28000000000000;24;17.3779416024182
2.29000000000000;24;17.6375932288720
2.30000000000000;24;17.9593867849870
2.31000000000000;24;17.4908904418221
2.32000000000000;24;17.6067568962716
2.33000000000000;24;18.6622011742007
2.34000000000000;24;19.0064454891615
2.35000000000000;24;17.9231456191858
2.36000000000000;24;18.3493690770502
2.37000000000000;24;17.8670396176745
2.38000000000000;24;18.5470239873218
2.39000000000000;24;19.0748768818213
2.40000000000000;24;18.4592309388841
2.41000000000000;24;18.9848766338287
2.42000000000000;24;19.0608147792901
2.43000000000000;24;18.8270150151197
2.44000000000000;24;19.0004697180543
2.45000000000000;24;20.4521937623904
2.46000000000000;24;18.9984791278101
2.47000000000000;24;19.4010891797319
2.48000000000000;24;18.9742317123700
2.49000000000000;24;19.8700487757917
2.50000000000000;24;20.2631625552060
2.51000000000000;24;19.8801254277006
2.52000000000000;24;20.4799748819412
2.53000000000000;24;20.0169270459648
2.54000000000000;24;21.2289896513681
2.55000000000000;24;20.6379804098661
2.56000000000000;24;21.2014985948529
2.57000000000000;24;22.0891582184080
2.58000000000000;24;21.2537057328942
2.59000000000000;24;21.8626916401299
2.60000000000000;24;21.3878567807057
2.61000000000000;24;21.1976699434993
2.62000000000000;24;20.9790076178467
2.63000000000000;24;21.3900940144339
2.64000000000000;24;22.3509454774222
2.65000000000000;24;22.3041885105630
2.66000000000000;24;21.3796959837780
2.67000000000000;24;21.9550039594787
2.68000000000000;24;21.4622148982289
2.69000000000000;24;22.4550602703717
2.70000000000000;24;22.9303610603746
2.71000000000000;24;22.1022559851671
2.72000000000000;24;21.0915556809309
2.73000000000000;24;23.1155083021404
2.74000000000000;24;24.6007500466620
2.75000000000000;24;23.2476715463424
2.76000000000000;24;23.2268645494902
2.77000000000000;24;23.3277573818419
2.78000000000000;24;23.8060723688894
2.79000000000000;24;24.5316062584626
2.80000000000000;24;24.3305100247544
2.81000000000000;24;23.4951668150705
2.82000000000000;24;23.7177626005747
2.83000000000000;24;23.9489158421312
2.84000000000000;24;23.4511396563242
2.85000000000000;24;24.6579661917969
2.86000000000000;24;24.2166589711690
2.87000000000000;24;25.0844690746940
2.88000000000000;24;24.2287711917041
2.89000000000000;24;25.3418835691483
2.90000000000000;24;23.4995759391919
2.91000000000000;24;25.6394722276346
2.92000000000000;24;23.9107246531261
2.93000000000000;24;24.2673682534646
2.94000000000000;24;24.9705898035560
2.95000000000000;24;24.2461333512559
2.96000000000000;24;25.3976742368374
2.97000000000000;24;25.5396051364058
2.98000000000000;24;26.0622642903296
2.99000000000000;24;25.2153039700397
3;24;25.7633404366663
3.01000000000000;24;25.7664197711121
3.02000000000000;24;26.1129302609603
3.03000000000000;24;26.1692606504077
3.04000000000000;24;25.3749852085443
3.05000000000000;24;26.9811137557765
3.06000000000000;24;25.8986189836426
3.07000000000000;24;25.7026922203462
3.08000000000000;24;25.7498529867840
3.09000000000000;24;27.0431147692230
3.10000000000000;24;26.3937921390069
3.11000000000000;24;28.0543433367353
3.12000000000000;24;26.5562733193027
3.13000000000000;24;26.6788036134067
3.14000000000000;24;27.0723237627088
3.15000000000000;24;26.2916274629675
3.16000000000000;24;26.8751982073212
3.17000000000000;24;26.2508377053276
3.18000000000000;24;27.7804228840786
3.19000000000000;24;27.4602338177801
3.20000000000000;24;26.7108189179706
3.21000000000000;24;27.5084463715019
3.22000000000000;24;27.3404340775053
3.23000000000000;24;28.4051550745065
3.24000000000000;24;28.4782296932293
3.25000000000000;24;28.1773936202833
3.26000000000000;24;28.1715910942534
3.27000000000000;24;28.4262235417234
3.28000000000000;24;27.6521283633663
3.29000000000000;24;28.3562960781115
3.30000000000000;24;28.0226483877668
3.31000000000000;24;28.7974647409685
3.32000000000000;24;28.3098654390150
3.33000000000000;24;29.5164518615049
3.34000000000000;24;28.6664902670613
3.35000000000000;24;29.3504696043550
3.36000000000000;24;28.7159870982616
3.37000000000000;24;27.9940700258897
3.38000000000000;24;29.0971392516558
3.39000000000000;24;28.8684403223189
3.40000000000000;24;28.2959061176354
3.41000000000000;24;29.2621376154369
3.42000000000000;24;29.3641143774194
3.43000000000000;24;29.0935694737085
3.44000000000000;24;30.1266913343420
3.45000000000000;24;29.0135500666255
3.46000000000000;24;29.0147941728188
3.47000000000000;24;29.6036422261678
3.48000000000000;24;29.8986447863878
3.49000000000000;24;29.4794203602235
3.50000000000000;24;29.6870616333081
3.51000000000000;24;29.3168827127940
3.52000000000000;24;31.0879943100220
3.53000000000000;24;31.1244364845906
3.54000000000000;24;29.3007381148789
3.55000000000000;24;31.2704200265355
3.56000000000000;24;29.7912690445596
3.57000000000000;24;30.1887102339593
3.58000000000000;24;30.7324275725351
3.59000000000000;24;30.3233416011742
3.60000000000000;24;31.3065128070773
3.61000000000000;24;31.3146103233307
3.62000000000000;24;29.8425350565102
3.63000000000000;24;30.2030710640610
3.64000000000000;24;30.4425149405934
3.65000000000000;24;31.1598214568221
3.66000000000000;24;30.7620142371512
3.67000000000000;24;31.4560098283759
3.68000000000000;24;31.2634322003178
3.69000000000000;24;30.6507052077462
3.70000000000000;24;31.3531003128513
3.71000000000000;24;30.9351695227826
3.72000000000000;24;31.0684895698893
3.73000000000000;24;32.2447135364173
3.74000000000000;24;30.6456586932136
3.75000000000000;24;30.5115507082107
3.76000000000000;24;31.9512622254815
3.77000000000000;24;30.8966445727563
3.78000000000000;24;31.7373962020984
3.79000000000000;24;32.0143146751140
3.80000000000000;24;31.7990757755484
3.81000000000000;24;31.6983222445981
3.82000000000000;24;31.9728540454179
3.83000000000000;24;32.8018213570923
3.84000000000000;24;31.8540750268108
3.85000000000000;24;32.5994614991832
3.86000000000000;24;31.9892369602472
3.87000000000000;24;32.7078708198452
3.88000000000000;24;32.0605275931510
3.89000000000000;24;33.1728379433072
3.90000000000000;24;32.6843615422508
3.91000000000000;24;33.5175808131166
3.92000000000000;24;32.8815962272843
3.93000000000000;24;33.2417027747392
3.94000000000000;24;33.5354865319805
3.95000000000000;24;33.1264937906040
3.96000000000000;24;32.7374706722311
3.97000000000000;24;32.9474443468439
3.98000000000000;24;32.5407048743791
3.99000000000000;24;32.0015849078535
4;24;33.2697435746847
4.01000000000000;24;33.5433781815811
4.02000000000000;24;33.4444485976147
4.03000000000000;24;33.1951396577037
4.04000000000000;24;33.1929893638171
4.05000000000000;24;34.1018440563249
4.06000000000000;24;33.7509736008105
4.07000000000000;24;34.4729833996465
4.08000000000000;24;34.1030482634708
4.09000000000000;24;34.5126516348264
4.10000000000000;24;33.0083424826920
4.11000000000000;24;33.6771333750010
4.12000000000000;24;34.4202478091533
4.13000000000000;24;34.9354099623320
4.14000000000000;24;33.0462265824636
4.15000000000000;24;34.0886097508362
4.16000000000000;24;35.1668144384465
4.17000000000000;24;34.2384591579584
4.18000000000000;24;33.8597892688028
4.19000000000000;24;33.4698985449315
4.20000000000000;24;34.2750697994990
4.21000000000000;24;34.5693587768297
4.22000000000000;24;34.5369155355688
4.23000000000000;24;34.3723688552239
4.24000000000000;24;34.5372336748569
4.25000000000000;24;34.9270951689577
4.26000000000000;24;35.1330047691793
4.27000000000000;24;33.8273710807640
4.28000000000000;24;35.0940755447165
4.29000000000000;24;34.4479882930328
4.30000000000000;24;35.1423788992851
4.31000000000000;24;34.5489512639368
4.32000000000000;24;35.6082502988792
4.33000000000000;24;35.5287443981475
4.34000000000000;24;34.5940137281473
4.35000000000000;24;34.7599808565922
4.36000000000000;24;36.0597491587929
4.37000000000000;24;35.7046329537209
4.38000000000000;24;34.1742862775398
4.39000000000000;24;35.5610358397936
4.40000000000000;24;35.5442431068066
4.41000000000000;24;34.8809254263294
4.42000000000000;24;34.7267832982462
4.43000000000000;24;35.6624060121178
4.44000000000000;24;34.8654532229115
4.45000000000000;24;35.9328307490066
4.46000000000000;24;35.5773003942593
4.47000000000000;24;34.7105809321942
4.48000000000000;24;36.1494715890940
4.49000000000000;24;35.2531022228981
4.50000000000000;24;35.5187348147902
4.51000000000000;24;36.8847777491218
4.52000000000000;24;35.7531064278286
4.53000000000000;24;35.8416373962796
4.54000000000000;24;36.5185352721599
4.55000000000000;24;36.7337220700865
4.56000000000000;24;35.7815459169366
4.57000000000000;24;35.7371239869319
4.58000000000000;24;35.6900490803041
4.59000000000000;24;36.4948337557546
4.60000000000000;24;36.1241315095016
4.61000000000000;24;36.4989415704531
4.62000000000000;24;37.0050769848779
4.63000000000000;24;36.9807706935529
4.64000000000000;24;35.9549936354880
4.65000000000000;24;35.9697364613995
4.66000000000000;24;36.8902344839298
4.67000000000000;24;36.8142417249751
4.68000000000000;24;37.0366401867652
4.69000000000000;24;36.8135784686413
4.70000000000000;24;35.8065243328895
4.71000000000000;24;36.2128973222188
4.72000000000000;24;36.4220889172171
4.73000000000000;24;36.6163368923891
4.74000000000000;24;36.8845491819418
4.75000000000000;24;36.8551902425262
4.76000000000000;24;36.5850243402162
4.77000000000000;24;37.0936703298005
4.78000000000000;24;37.0705820165855
4.79000000000000;24;36.9195231185601
4.80000000000000;24;36.8675052425812
4.81000000000000;24;36.3642010247394
4.82000000000000;24;37.7499827657062
4.83000000000000;24;37.8948876844072
4.84000000000000;24;37.5053647381195
4.85000000000000;24;36.7533596405771
4.86000000000000;24;37.5631692643079
4.87000000000000;24;36.6673068441855
4.88000000000000;24;37.5326180546655
4.89000000000000;24;37.6608233207428
4.90000000000000;24;38.0387851890009
4.91000000000000;24;38.1676899400141
4.92000000000000;24;37.9705526906488
4.93000000000000;24;36.9337410034429
4.94000000000000;24;38.1655224615859
4.95000000000000;24;37.0924646291251
4.96000000000000;24;37.1116086864714
4.97000000000000;24;39.3085941754235
4.98000000000000;24;37.6165475065939
4.99000000000000;24;37.5317060276640
5;24;38.0649296791509
5.01000000000000;24;37.4641195950449
5.02000000000000;24;38.2202905753639
5.03000000000000;24;37.8631756135655
5.04000000000000;24;37.8911679564310
5.05000000000000;24;37.6770436885541
5.06000000000000;24;38.1019460162425
5.07000000000000;24;37.4720682572196
5.08000000000000;24;38.6404016978766
5.09000000000000;24;37.8339491109830
5.10000000000000;24;37.9074088876755
5.11000000000000;24;37.6801371511666
5.12000000000000;24;38.0129691282913
5.13000000000000;24;39.1847628433424
5.14000000000000;24;38.6100780574846
5.15000000000000;24;37.1904284253980
5.16000000000000;24;37.9202840285060
5.17000000000000;24;38.1867555981209
5.18000000000000;24;37.8879313676438
5.19000000000000;24;38.2933484593612
5.20000000000000;24;38.1482578985112
5.21000000000000;24;39.0915159616646
5.22000000000000;24;38.2653291872122
5.23000000000000;24;37.9132669598387
5.24000000000000;24;38.7995123329246
5.25000000000000;24;37.9374983728987
5.26000000000000;24;38.7594811758497
5.27000000000000;24;39.5014400781849
5.28000000000000;24;38.8551693722392
5.29000000000000;24;39.2412199975123
5.30000000000000;24;38.9442086092122
5.31000000000000;24;38.6330956037801
5.32000000000000;24;39.5621711399408
5.33000000000000;24;37.9656754661375
5.34000000000000;24;40.5686493027772
5.35000000000000;24;39.0873891337796
5.36000000000000;24;39.3808784990601
5.37000000000000;24;38.8097926471857
5.38000000000000;24;38.4469895062086
5.39000000000000;24;38.0784981506309
5.40000000000000;24;39.9051882270140
5.41000000000000;24;38.3545412610598
5.42000000000000;24;38.7490083887961
5.43000000000000;24;39.1134452681381
5.44000000000000;24;38.6324421272645
5.45000000000000;24;39.3773354149615
5.46000000000000;24;39.3237328606808
5.47000000000000;24;38.9462287895135
5.48000000000000;24;39.6142191242807
5.49000000000000;24;38.8020443680498
5.50000000000000;24;39.0456032926414
5.51000000000000;24;39.8933238054940
5.52000000000000;24;39.5506092977486
5.53000000000000;24;39.7242818520819
5.54000000000000;24;40.2363963117636
5.55000000000000;24;39.8044760615604
5.56000000000000;24;39.5194256216018
5.57000000000000;24;39.7762149205328
5.58000000000000;24;39.9910790572061
5.59000000000000;24;38.6928372504919
5.60000000000000;24;39.5819002590537
5.61000000000000;24;39.0414523474597
5.62000000000000;24;40.0605847385406
5.63000000000000;24;40.2825267339687
5.64000000000000;24;40.4169702245068
5.65000000000000;24;39.3267893901261
5.66000000000000;24;39.5667649485654
5.67000000000000;24;40.5218833887246
5.68000000000000;24;40.0101385889520
5.69000000000000;24;39.7261856231707
5.70000000000000;24;39.8529503286560
5.71000000000000;24;40.0687517327018
5.72000000000000;24;40.4375730153184
5.73000000000000;24;39.7717907668399
5.74000000000000;24;39.6049291973774
5.75000000000000;24;40.1126055557892
5.76000000000000;24;40.2011274275521
5.77000000000000;24;40.0940217325053
5.78000000000000;24;40.5183613989960
5.79000000000000;24;41.5740370150485
5.80000000000000;24;40.8420480259593
5.81000000000000;24;39.5100002198618
5.82000000000000;24;40.0204443901792
5.83000000000000;24;39.2569894914971
5.84000000000000;24;39.7999492213526
5.85000000000000;24;40.9585058079815
5.86000000000000;24;41.2221288112864
5.87000000000000;24;41.6322086027634
5.88000000000000;24;39.9393913039634
5.89000000000000;24;40.8758619207994
5.90000000000000;24;40.1171210009467
5.91000000000000;24;41.2008271239294
5.92000000000000;24;41.1060681092063
5.93000000000000;24;40.2920532156614
5.94000000000000;24;39.2181384478470
5.95000000000000;24;40.4996022327328
5.96000000000000;24;39.8963869867271
5.97000000000000;24;39.9948942008658
5.98000000000000;24;40.3692939295060
5.99000000000000;24;39.7987195759227
6;24;41.5648099210847
6.01000000000000;24;40.5357328531126
6.02000000000000;24;40.2554110625093
6.03000000000000;24;40.6766292503547
6.04000000000000;24;39.8664057295863
6.05000000000000;24;41.4006498810909
6.06000000000000;24;40.4215732642279
6.07000000000000;24;41.0149509288982
6.08000000000000;24;40.7219759648100
6.09000000000000;24;39.9700403028743
6.10000000000000;24;40.3401989046777
6.11000000000000;24;40.9582431702954
6.12000000000000;24;41.3967372007020
6.13000000000000;24;41.1186010709191
6.14000000000000;24;41.3646245887373
6.15000000000000;24;40.4666340262293
6.16000000000000;24;41.8047659018769
6.17000000000000;24;42.1852993421039
6.18000000000000;24;41.6471972308816
6.19000000000000;24;40.2624634571539
6.20000000000000;24;41.3022657894878
6.21000000000000;24;41.2832088473304
6.22000000000000;24;40.8256021580496
6.23000000000000;24;41.0789233798884
6.24000000000000;24;40.7794786292017
6.25000000000000;24;41.2821467564743
6.26000000000000;24;41.2388792114267
6.27000000000000;24;41.5982273189130
6.28000000000000;24;41.2721363686477
6.29000000000000;24;41.2395787023210
6.30000000000000;24;41.4030591807665
6.31000000000000;24;41.0370667051502
6.32000000000000;24;40.3020504364621
6.33000000000000;24;41.6049200825300
6.34000000000000;24;41.1409514176541
6.35000000000000;24;41.4311678024616
6.36000000000000;24;41.8142166999634
6.37000000000000;24;41.0502728893759
6.38000000000000;24;40.7535272649574
6.39000000000000;24;40.2838484918259
6.40000000000000;24;40.9091565311892
6.41000000000000;24;42.0900367206046
6.42000000000000;24;41.5009614803969
6.43000000000000;24;41.8587848689810
6.44000000000000;24;42.3768135076156
6.45000000000000;24;41.2373534941822
6.46000000000000;24;41.9241471244691
6.47000000000000;24;42.5079346140596
6.48000000000000;24;40.8842217285482
6.49000000000000;24;40.9817941576974
6.50000000000000;24;41.4452921794926
6.51000000000000;24;41.7297049525570
6.52000000000000;24;41.1143012438863
6.53000000000000;24;41.2464584666608
6.54000000000000;24;40.3829914564850
6.55000000000000;24;40.7575064688935
6.56000000000000;24;41.7652677335195
6.57000000000000;24;42.6413121678894
6.58000000000000;24;41.3905035736731
6.59000000000000;24;42.8874935721187
6.60000000000000;24;41.5916061426709
6.61000000000000;24;41.2406698367668
6.62000000000000;24;42.2536678730017
6.63000000000000;24;41.1233507961490
6.64000000000000;24;43.0194173397151
6.65000000000000;24;41.4298958701219
6.66000000000000;24;41.7427579813723
6.67000000000000;24;41.8801956559545
6.68000000000000;24;41.1178105999990
6.69000000000000;24;42.3498552765576
6.70000000000000;24;41.7867183349557
6.71000000000000;24;43.1307381750811
6.72000000000000;24;41.3319405318047
6.73000000000000;24;41.9825524523853
6.74000000000000;24;41.3726566602929
6.75000000000000;24;41.6055955972176
6.76000000000000;24;41.9183942255588
6.77000000000000;24;41.8912947425907
6.78000000000000;24;41.5235620336817
6.79000000000000;24;42.2899174722107
6.80000000000000;24;43.5549669595238
6.81000000000000;24;41.8907236551565
6.82000000000000;24;42.0846898419766
6.83000000000000;24;41.1834910704418
6.84000000000000;24;42.8461919223059
6.85000000000000;24;41.8394647425945
6.86000000000000;24;41.6035072954751
6.87000000000000;24;41.4214324233231
6.88000000000000;24;42.6635096987258
6.89000000000000;24;42.3514719828322
6.90000000000000;24;41.0960739781025
6.91000000000000;24;43.1602563272206
6.92000000000000;24;41.9375636494176
6.93000000000000;24;41.8399300622154
6.94000000000000;24;41.9580947722896
6.95000000000000;24;42.5086491674362
6.96000000000000;24;41.8813953615910
6.97000000000000;24;42.5347092369034
6.98000000000000;24;42.7975304163852
6.99000000000000;24;42.6093957277694
7;24;42.6984045244174
7.01000000000000;24;42.6394535281924
7.02000000000000;24;42.7303738801982
7.03000000000000;24;41.4337353572692
7.04000000000000;24;42.2236574297115
7.05000000000000;24;42.3052100006614
7.06000000000000;24;43.1702047960150
7.07000000000000;24;41.5482960998264
7.08000000000000;24;42.4341995050268
7.09000000000000;24;42.2225790836726
7.10000000000000;24;42.6370774008569
7.11000000000000;24;42.8598282100032
7.12000000000000;24;42.9637034699792
7.13000000000000;24;42.1417047299360
7.14000000000000;24;42.1754396012944
7.15000000000000;24;42.0130375768909
7.16000000000000;24;43.1347699816583
7.17000000000000;24;42.5473207255242
7.18000000000000;24;42.1401579240533
7.19000000000000;24;43.6744873605875
7.20000000000000;24;42.5434890446314
7.21000000000000;24;42.6353501967497
7.22000000000000;24;42.2696377806941
7.23000000000000;24;42.3629500114915
7.24000000000000;24;43.0519563605085
7.25000000000000;24;41.9804586995634
7.26000000000000;24;43.3972214921224
7.27000000000000;24;42.9880446819017
7.28000000000000;24;42.3144090942498
7.29000000000000;24;42.6611395209026
7.30000000000000;24;42.3104153189088
7.31000000000000;24;43.3116161562013
7.32000000000000;24;43.1043719154969
7.33000000000000;24;42.4026901928085
7.34000000000000;24;42.6828372097764
7.35000000000000;24;43.3902932172801
7.36000000000000;24;42.5829559930342
7.37000000000000;24;42.6876061335366
7.38000000000000;24;42.6784497176979
7.39000000000000;24;42.1399271153249
7.40000000000000;24;42.6618484926346
7.41000000000000;24;43.8053929862341
7.42000000000000;24;41.9941551778100
7.43000000000000;24;43.4295079657501
7.44000000000000;24;43.5462530665480
7.45000000000000;24;42.0435602032137
7.46000000000000;24;43.3732004314653
7.47000000000000;24;42.4894525212074
7.48000000000000;24;43.3889757617737
7.49000000000000;24;42.5847726735152
7.50000000000000;24;43.3296258821742
7.51000000000000;24;43.2988191899196
7.52000000000000;24;43.3104519624342
7.53000000000000;24;42.2060735352028
7.54000000000000;24;42.3468301648168
7.55000000000000;24;43.7438622756089
7.56000000000000;24;42.9499931422723
7.57000000000000;24;41.7253819593742
7.58000000000000;24;42.6016593466113
7.59000000000000;24;43.0052139964366
7.60000000000000;24;42.4124634501472
7.61000000000000;24;43.8604340113796
7.62000000000000;24;43.2065697088697
7.63000000000000;24;42.9963270991502
7.64000000000000;24;43.0265724825593
7.65000000000000;24;42.3011650778004
7.66000000000000;24;43.3652544676100
7.67000000000000;24;42.7931137634769
7.68000000000000;24;43.2910602635102
7.69000000000000;24;43.6905447285649
7.70000000000000;24;42.4279624446300
7.71000000000000;24;43.3946298782815
7.72000000000000;24;42.9416780719279
7.73000000000000;24;42.8299987954874
7.74000000000000;24;43.8367234778097
7.75000000000000;24;43.7363585987095
7.76000000000000;24;43.1916297523468
7.77000000000000;24;42.7505837211062
7.78000000000000;24;42.5684486080006
7.79000000000000;24;42.8044603196948
7.80000000000000;24;43.3019677377310
7.81000000000000;24;43.9175685480806
7.82000000000000;24;43.8312702035191
7.83000000000000;24;42.2980085151626
7.84000000000000;24;42.9643766184904
7.85000000000000;24;43.1342282184977
7.86000000000000;24;43.9990655422459
7.87000000000000;24;42.5497717326879
7.88000000000000;24;43.4996241742486
7.89000000000000;24;44.0309274707922
7.90000000000000;24;42.6552215741078
7.91000000000000;24;43.6529536729302
7.92000000000000;24;43.6631982350077
7.93000000000000;24;43.1830742078195
7.94000000000000;24;42.8399819043374
7.95000000000000;24;43.2154363005798
7.96000000000000;24;44.3478154532792
7.97000000000000;24;43.3961822403065
7.98000000000000;24;43.5635195130487
7.99000000000000;24;43.7028234541879
8;24;42.5938277473494
8.01000000000000;24;43.5561070301077
8.02000000000000;24;44.3843829925799
8.03000000000000;24;42.4566439952994
8.04000000000000;24;44.3243955960768
8.05000000000000;24;42.1446976467152
8.06000000000000;24;42.9720561941662
8.07000000000000;24;43.0729042489091
8.08000000000000;24;43.9347746075600
8.09000000000000;24;42.7615851810814
8.10000000000000;24;44.1340409002891
8.11000000000000;24;42.5554280133626
8.12000000000000;24;43.1736969877721
8.13000000000000;24;44.7099618120552
8.14000000000000;24;43.0563087600178
8.15000000000000;24;44.5936941730880
8.16000000000000;24;42.2638166535363
8.17000000000000;24;42.9868435910002
8.18000000000000;24;43.5973762583524
8.19000000000000;24;44.2993959978526
8.20000000000000;24;45.1720186554537
8.21000000000000;24;44.5871472021886
8.22000000000000;24;43.6280801703829
8.23000000000000;24;42.8229779896358
8.24000000000000;24;42.8401146221685
8.25000000000000;24;42.9682450488948
8.26000000000000;24;43.8495090110153
8.27000000000000;24;43.5778960119766
8.28000000000000;24;42.8989665076931
8.29000000000000;24;43.6611760740676
8.30000000000000;24;42.5105649110174
8.31000000000000;24;43.9399909762290
8.32000000000000;24;44.2713550862905
8.33000000000000;24;44.3311326376124
8.34000000000000;24;43.8207296200891
8.35000000000000;24;43.1635797631286
8.36000000000000;24;44.3653586371528
8.37000000000000;24;43.4815211528267
8.38000000000000;24;43.7228646931517
8.39000000000000;24;42.7226526181422
8.40000000000000;24;42.9638980717013
8.41000000000000;24;44.1281657309634
8.42000000000000;24;44.3160348565206
8.43000000000000;24;43.4147809195918
8.44000000000000;24;43.2128823248316
8.45000000000000;24;43.9005332498096
8.46000000000000;24;44.0669473757693
8.47000000000000;24;42.7919201696277
8.48000000000000;24;44.4226817648065
8.49000000000000;24;44.0598410571298
8.50000000000000;24;43.8075571539753
8.51000000000000;24;43.5446265169629
8.52000000000000;24;42.8627862803519
8.53000000000000;24;43.1719772567718
8.54000000000000;24;43.1752731615252
8.55000000000000;24;43.3060033906766
8.56000000000000;24;44.1564612531784
8.57000000000000;24;44.3114395195194
8.58000000000000;24;44.6599075894420
8.59000000000000;24;43.3954819549213
8.60000000000000;24;42.8994564150304
8.61000000000000;24;43.8062999477916
8.62000000000000;24;44.0678091871772
8.63000000000000;24;44.2716444464833
8.64000000000000;24;43.3054119471297
8.65000000000000;24;42.9969747812631
8.66000000000000;24;44.1861583295980
8.67000000000000;24;43.9623646006695
8.68000000000000;24;43.2631282225270
8.69000000000000;24;44.4033556045750
8.70000000000000;24;43.6398082321395
8.71000000000000;24;43.6005285627807
8.72000000000000;24;44.0171368308993
8.73000000000000;24;43.6662048455034
8.74000000000000;24;43.3362437739900
8.75000000000000;24;44.5527388131942
8.76000000000000;24;43.7074311142984
8.77000000000000;24;43.7871277607881
8.78000000000000;24;43.4657878181908
8.79000000000000;24;44.2574783330774
8.80000000000000;24;44.3394916993450
8.81000000000000;24;44.2335660797702
8.82000000000000;24;42.9873754940503
8.83000000000000;24;43.7819755839432
8.84000000000000;24;43.7471523846577
8.85000000000000;24;43.2203617567764
8.86000000000000;24;44.0594201397585
8.87000000000000;24;43.9817476725826
8.88000000000000;24;44.1795337145927
8.89000000000000;24;44.7770825627452
8.90000000000000;24;43.5007724396348
8.91000000000000;24;43.2977585127341
8.92000000000000;24;43.8430016474102
8.93000000000000;24;43.5946271329326
8.94000000000000;24;44.1537465633417
8.95000000000000;24;44.5441362217648
8.96000000000000;24;44.7411920490158
8.97000000000000;24;43.5080805705739
8.98000000000000;24;44.6527437768700
8.99000000000000;24;45.1953116172172
9;24;44.0392567174082
9.01000000000000;24;43.3302259006444
9.02000000000000;24;43.1892085316437
9.03000000000000;24;44.0119947652351
9.04000000000000;24;44.3686770163974
9.05000000000000;24;43.5426462444931
9.06000000000000;24;44.0783085729639
9.07000000000000;24;44.9273460420010
9.08000000000000;24;43.2291189019897
9.09000000000000;24;43.9337065539397
9.10000000000000;24;44.4391696785126
9.11000000000000;24;43.4087783407946
9.12000000000000;24;43.7742710071388
9.13000000000000;24;43.7176995973396
9.14000000000000;24;44.2353322365614
9.15000000000000;24;44.1725429783044
9.16000000000000;24;45.0056850061325
9.17000000000000;24;43.9800706985359
9.18000000000000;24;43.7265731432298
9.19000000000000;24;43.7959829042529
9.20000000000000;24;45.1386747860483
9.21000000000000;24;45.2686633372529
9.22000000000000;24;44.0065908047322
9.23000000000000;24;43.9900385915664
9.24000000000000;24;44.1280615547816
9.25000000000000;24;43.6865514188287
9.26000000000000;24;43.5907925501683
9.27000000000000;24;43.6351727897871
9.28000000000000;24;43.6830275782790
9.29000000000000;24;43.7182811884385
9.30000000000000;24;43.2420894505273
9.31000000000000;24;44.3657644714745
9.32000000000000;24;43.8056844234387
9.33000000000000;24;43.6185956085770
9.34000000000000;24;45.5506263357341
9.35000000000000;24;43.8398332992314
9.36000000000000;24;44.6193755471630
9.37000000000000;24;44.3258667144253
9.38000000000000;24;43.3927372614805
9.39000000000000;24;44.3855565800059
9.40000000000000;24;45.0819366066201
9.41000000000000;24;44.7528192021763
9.42000000000000;24;44.2507066161296
9.43000000000000;24;45.3096263650920
9.44000000000000;24;43.8749903573272
9.45000000000000;24;44.0910227686459
9.46000000000000;24;45.1313801536416
9.47000000000000;24;45.0884877426097
9.48000000000000;24;43.8218348433083
9.49000000000000;24;43.7459175965291
9.50000000000000;24;44.8653856953908
9.51000000000000;24;43.9789317818675
9.52000000000000;24;44.0679913337466
9.53000000000000;24;44.2884352665056
9.54000000000000;24;43.7164879448699
9.55000000000000;24;43.7172689735941
9.56000000000000;24;44.8724248832277
9.57000000000000;24;43.6419154468326
9.58000000000000;24;44.0150642056287
9.59000000000000;24;44.4607650951956
9.60000000000000;24;44.1489039134249
9.61000000000000;24;44.0414714126909
9.62000000000000;24;44.6986095993063
9.63000000000000;24;43.0483664927487
9.64000000000000;24;43.7040246009929
9.65000000000000;24;44.3444331641233
9.66000000000000;24;44.7039682720424
9.67000000000000;24;43.7792234149206
9.68000000000000;24;44.7896552217212
9.69000000000000;24;43.9664702812754
9.70000000000000;24;44.7746246374180
9.71000000000000;24;43.2473061239107
9.72000000000000;24;43.8965272627473
9.73000000000000;24;44.9973404348384
9.74000000000000;24;44.6459008282253
9.75000000000000;24;42.7242396941749
9.76000000000000;24;43.7317157950652
9.77000000000000;24;43.4925983546898
9.78000000000000;24;43.5578459009941
9.79000000000000;24;44.4168815936844
9.80000000000000;24;44.9615965577096
9.81000000000000;24;43.6016356926292
9.82000000000000;24;45.4929250525869
9.83000000000000;24;45.1734833223389
9.84000000000000;24;44.3390137241662
9.85000000000000;24;44.7769186591712
9.86000000000000;24;43.9701133067164
9.87000000000000;24;44.0173526000259
9.88000000000000;24;44.4516028375425
9.89000000000000;24;44.2944747692456
9.90000000000000;24;43.7537856379217
9.91000000000000;24;45.1326907193969
9.92000000000000;24;44.0414736726756
9.93000000000000;24;45.4642739626593
9.94000000000000;24;44.6303798337550
9.95000000000000;24;44.3749318012846
9.96000000000000;24;44.2458093688767
9.97000000000000;24;43.7304813091636
9.98000000000000;24;45.0409723164885
9.99000000000000;24;43.7107233137648
10;24;44.3096458666759
